82.4	200578	200951	214003	203200	201045	202168	213681	201632
82.4	200237	201267	212308	201621	201404	201449	215141	202675
82.4	201125	200184	216291	202409	200740	200862	213251	202023
82.4	202403	201479	218432	203919	200503	201806	212362	203479
82.4	201147	201437	217095	203920	201616	202290	216380	203490
82.4	202636	202243	213415	203600	201167	202237	216572	204352
82.4	201894	201950	214276	204220	201089	201680	215621	202268
82.4	201550	202343	215237	203887	201887	201092	214924	203003
82.4	201453	201507	214301	202824	200684	201674	215831	203240
82.4	201613	201611	213527	202500	201377	202354	214173	202523
82.4	200934	201630	214504	202552	201171	201979	217567	201789
82.4	201710	201815	215120	203941	200838	201992	213562	202250
82.4	200084	200683	213432	201703	201351	200799	213939	202461
82.4	201290	201506	215100	202597	201674	202134	215453	203963
82.4	201760	201840	211907	204164	201592	201114	213452	203571
82.4	201915	201818	215018	203596	201306	201204	215951	202370
82.4	201155	201125	215698	202616	201392	201371	215731	202752
82.4	200973	201386	216079	202132	201454	201941	216601	202656
82.4	200910	200386	213201	202662	200644	201640	214290	203016
82.4	201070	201947	214407	202666	200754	201949	214504	202641
82.4	200914	200630	211953	201770	201641	202174	215284	202209
82.4	201361	201859	214931	202804	201198	201209	216878	202851
82.4	201155	201430	214300	203000	199883	201023	214120	202854
82.4	202136	201470	212627	202530	201656	202215	213445	202836
82.4	200952	201779	212570	202426	200370	201084	213591	203295
82.4	202354	201562	213972	202904	201074	201746	214753	203216
82.4	201282	201582	212939	202757	201576	201893	212827	202103
82.4	202476	201394	215133	203406	200836	202371	214761	201719
82.4	201179	201826	212263	203209	201180	201470	211652	202311
82.4	201160	201513	212257	203988	201071	201499	201532	202112
82.41	201178	202387	211052	203287	201499	200168	212136	202169
82.41	200998	200840	212112	202802	201354	202100	211739	202219
82.41	200846	200637	212587	201600	201467	202327	216586	202487
82.41	201883	201526	216048	202516	201156	201037	213198	202154
82.41	201708	201772	213830	202610	201192	201316	214275	203086
82.41	202138	201916	213329	203920	201326	201116	215062	202095
82.41	200795	200985	213668	201673	201388	200855	219141	203215
82.41	202066	201339	216510	202961	201130	201850	216984	203216
82.41	201780	202216	214884	203058	201527	201599	214128	202949
82.41	201122	201797	212858	203111	201050	201516	215223	203224
82.41	202297	201927	212574	204183	201117	201212	215586	202598
82.41	200415	200944	214325	202626	201518	201152	214806	204087
82.41	200418	201235	213980	201661	202045	201553	214976	202253
82.41	201828	201163	215396	202726	201002	201692	214594	201750
82.41	201084	201003	213576	201379	200612	201624	214719	202639
82.41	202307	201559	214776	203274	201214	200948	215254	202168
82.41	203960	202600	210053	202461	213178	203833	202662	201727
82.41	201132	202884	215412	202438	201044	201764	212480	202700
82.41	201503	202111	214476	203827	200911	202003	213298	202455
82.41	200125	200389	212953	201730	201968	201336	215630	203632
82.41	202298	202672	213403	203317	201097	201407	215772	202923
82.41	201314	201327	214485	201988	201422	201277	213474	202788
82.41	201185	201679	215567	202260	200563	202419	215595	203018
82.41	202178	202202	216417	203022	201258	201676	212957	201734
82.41	201320	201593	213364	203727	201514	201239	216294	202806
82.41	202382	203376	214453	204320	201968	201656	216066	202923
82.41	200327	200408	212677	202012	201417	201273	212455	202395
82.41	201384	203013	212948	203397	200678	201176	202042	201009
82.41	201344	201355	213509	203916	202264	201914	214788	202251
82.41	201775	202241	215413	202649	201147	201184	202239	201576
82.42	201932	202262	213084	202312	202051	201639	213900	202710
82.42	201425	200868	215876	204041	200538	202093	216902	202717
82.42	201529	202099	215453	203662	200915	202228	214228	203176
82.42	201771	201214	215266	202797	201005	202273	214308	202231
82.42	200537	200812	212159	201782	201159	201154	213154	202494
82.42	201614	202403	215715	203040	200784	200340	216168	202140
82.42	202599	201825	212804	202541	202156	201299	215385	203606
82.42	201378	202530	214877	203673	200517	201669	213723	202330
82.42	201275	201601	213484	203078	201296	201824	215545	203821
82.42	200286	201998	212279	202409	201257	202245	213235	203260
82.42	203473	202269	213449	202714	201453	201573	217039	203150
82.42	201520	201516	214071	203194	201344	201726	213897	201895
82.42	202106	201922	215518	203077	201457	200742	215195	202755
82.42	201497	202779	213629	202862	201444	201532	214789	202277
82.42	202025	201039	212596	201974	201314	201084	202275	202188
82.42	201132	202621	214713	203356	201231	201694	217261	203173
82.42	201228	202084	215409	202954	200499	201733	216149	202738
82.42	201193	202323	214550	203143	200870	201876	214750	202541
82.42	200857	201594	216483	203044	200876	202612	214352	202345
82.42	200825	200307	213944	202642	200861	201880	215948	203038
82.42	201581	201297	214856	203469	201289	200870	216481	201165
82.42	200587	201287	213686	201548	200959	201738	215636	202656
82.42	202014	202014	213712	203813	200699	201126	214065	202661
82.42	201104	202862	216571	203371	200909	201467	217697	203679
82.42	201709	202024	217570	203053	200810	201990	215283	203139
82.42	201719	201499	214129	203153	200950	201153	214039	202390
82.42	201387	200983	215531	203558	201116	201127	213185	203317
82.42	200982	201319	214972	202432	202078	201948	217239	203122
82.42	201406	201027	213198	202031	201279	201564	216455	204149
82.42	201089	201638	216444	201960	201424	200849	201479	200961
82.43	202186	201614	217981	204307	201508	201237	216085	202506
82.43	201484	201305	215657	202703	201778	201347	202510	201706
82.43	202026	202003	213670	203680	201715	201591	212904	202920
82.43	201096	203051	215680	203701	200557	200980	202072	201478
82.43	201879	202050	215663	204205	201257	200484	214333	202550
82.43	201429	202236	215857	203615	201870	202625	216297	203794
82.43	200498	201975	215962	203473	201147	201766	214178	202653
82.43	201246	202058	215461	202650	201376	202864	215919	202820
82.43	200575	201782	215198	202979	202206	201846	214499	202861
82.43	202473	202821	215747	203738	201173	200872	215262	203027
82.43	200169	200798	215935	202634	200919	201379	214321	203049
82.43	201443	201679	214288	203743	201434	201129	216302	202944
82.43	201036	201396	213160	203275	201249	201968	215046	203104
82.43	200661	201563	214078	201865	201402	201499	212803	204618
82.43	202080	202940	216499	203398	206249	203593	207366	201994
82.43	201118	200677	213329	202184	202282	202023	216273	202623
82.43	200689	201332	216029	203795	200845	201014	215567	203198
82.43	201464	200918	215025	203040	201032	201212	214692	203096
82.43	200671	200451	213163	202151	201498	201496	214652	202194
82.43	201665	202193	215055	202840	201204	201108	217340	202441
82.43	200389	201401	213803	202597	200685	201377	214390	202487
82.43	200956	201584	216526	203423	201381	202337	216309	203511
82.43	199654	199860	215463	201800	202210	201631	215831	204124
82.43	201636	201295	216167	202195	201374	201807	217791	203835
82.43	201663	201354	216367	203364	201463	201292	215228	202593
82.43	201562	201124	214260	202157	201230	201588	215102	203762
82.43	200790	201095	216189	202702	200421	202132	216977	202998
82.43	201303	200895	215099	203578	201641	201769	215254	202887
82.43	202974	202048	216664	203415	201794	201565	216004	201911
82.43	200422	200863	212717	202710	200663	200995	215004	201923
82.44	200571	201074	215130	203622	201847	201992	216179	203029
82.44	200743	201083	214927	202836	201069	201401	213431	201578
82.44	201919	202528	216426	203164	201947	202200	216840	204320
82.44	201983	200952	215932	202751	201101	201408	215667	202392
82.44	201870	202919	213752	202796	200295	200752	214938	201569
82.44	201825	201608	215689	203072	201638	202240	216155	203539
82.44	201510	202208	216598	202702	202226	202327	216676	202613
82.44	201464	201822	216747	203401	201007	201409	217662	203040
82.44	202862	202494	214878	203430	200645	200940	215175	203176
82.44	200912	202595	217923	203106	201569	201680	217729	203457
82.44	201566	202435	216074	203987	201296	201761	217174	203206
82.44	202264	203399	217953	203817	200762	201469	215374	203674
82.44	201151	201707	215770	203388	202123	202341	214871	202923
82.44	201496	202044	215457	203465	201324	201078	215147	202096
82.44	201253	201477	216449	202136	201064	200947	214827	203208
82.44	202031	200960	215478	203494	215519	202653	203960	203177
82.44	200258	201964	215052	202565	202172	201169	216544	203934
82.44	200758	201329	214392	202722	202152	201151	216062	203161
82.44	202394	202035	215261	203480	200904	202537	217201	203491
82.44	201470	202745	218669	202135	200972	201924	216958	203990
82.44	201489	201718	215629	203762	200667	201811	214768	202054
82.44	201098	201010	216634	202689	202279	201761	216643	202549
82.44	201466	201800	217409	203300	201144	202235	216507	203473
82.44	202486	201678	217286	202866	202117	202247	218108	203121
82.44	202352	202127	217628	203431	200579	201230	216303	203392
82.44	200722	201959	219791	202594	201899	202238	218076	202868
82.44	200400	201606	216927	203915	201645	202988	215781	203486
82.44	202015	202915	218118	204243	201904	201900	217087	203685
82.44	201824	203254	216073	202728	200982	201621	220530	201898
82.44	200150	200580	216909	202215	200954	201779	216018	202040
82.45	201530	201941	215060	203383	200949	201561	216840	202935
82.45	201433	202094	214510	203953	201033	200544	218018	203826
82.45	201301	201563	216053	203080	200907	201328	217801	202915
82.45	202419	202054	216014	203664	200490	202274	217284	203991
82.45	201969	201418	214291	202958	202064	203444	214181	204230
82.45	202901	202074	215761	203578	203287	204479	217055	204055
82.45	202418	202415	215886	203224	201923	202249	215558	203630
82.45	199993	200463	216035	202171	201894	201328	216530	202547
82.45	199244	200397	213673	200952	201663	203365	215725	204065
82.45	200161	200720	211468	201436	201867	202520	215867	203424
82.45	199781	199884	215554	201906	201643	201876	216611	203113
82.45	200235	200220	215508	202080	200745	202513	218358	203307
82.45	199589	199766	211849	200567	201700	201883	217691	203123
82.45	200703	200070	216826	201108	201674	200847	218089	203303
82.45	200294	200281	216859	201114	201801	203068	220145	203339
82.45	200699	201097	219237	202141	200396	201725	215550	202932
82.45	200170	199185	215858	200708	200368	201066	217686	201768
82.45	200956	199759	215781	203333	201237	201845	217636	203345
82.45	200191	200270	212905	201558	201115	201463	217946	202187
82.45	199690	200501	216616	201487	201621	201379	221058	203083
82.45	200584	199943	218464	201480	200570	201295	213565	202831
82.45	200708	200353	218196	202466	200886	202132	218547	203268
82.45	199806	200564	216074	201137	201311	201737	219297	203219
82.45	199831	199802	215822	201767	201092	201252	215571	202631
82.45	199279	199890	215398	200612	200357	201291	217771	204179
82.45	200054	200224	216832	201491	201176	201271	220098	203188
82.45	200809	200374	217054	202002	201715	201861	216289	202961
82.45	198966	199082	213584	200233	201703	201504	217322	202738
82.45	200060	200971	219323	201833	201636	202493	218414	203683
82.45	200775	200873	216854	202545	201184	200773	215156	202437
82.46	199583	200972	217918	201744	200843	201003	219331	204174
82.46	199487	199769	217877	202233	200221	202082	218583	203692
82.46	199852	199906	216325	201757	201507	201718	217393	202785
82.46	199132	198687	216965	201329	200927	201680	220240	202438
82.46	203068	203007	216944	202773	201462	201499	202048	202207
82.46	199740	199742	215071	200587	201820	202868	217692	203259
82.46	199462	199478	213512	200941	201940	202195	219885	203370
82.46	199089	199609	216093	200619	200579	200284	218317	202330
82.46	200088	200532	214848	202694	200815	201724	217837	203661
82.46	200348	200002	217188	202427	201122	202584	217376	203547
82.46	199668	199955	217309	201061	201775	201886	218819	202623
82.46	199863	198899	217144	200688	201202	201048	218691	202460
82.46	200042	201057	218123	203909	200954	201474	219290	202969
82.46	199840	201311	218135	202615	202243	200682	217166	202673
82.46	201552	202384	218458	203748	200554	201940	218684	203521
82.46	201395	202196	218382	202995	201623	201523	219115	202889
82.46	201239	202408	215434	203451	202563	201640	216469	204450
82.46	201417	201939	218632	204814	201307	202160	216385	203987
82.46	201650	202538	218680	203301	202058	202514	217182	204152
82.46	200755	201279	213112	202590	201571	201725	217850	202266
82.46	200818	200727	214727	202599	201833	201315	215641	203729
82.46	201933	201766	218216	202775	201161	202462	216709	203490
82.46	201602	201484	219653	202553	201619	201697	221031	203414
82.46	200713	200277	217673	201934	201236	201849	202825	201289
82.46	201395	201443	216822	204386	201998	201102	220456	203955
82.46	201140	201177	217290	203127	201743	202130	217100	202903
82.46	200613	201681	216032	202277	200768	201354	218128	202515
82.46	201172	201832	215529	202977	201808	202072	216141	203767
82.46	201998	202050	215650	203735	201558	201549	218359	203301
82.46	201435	202903	216768	203280	201618	201477	217655	204076
82.47	201556	202228	216664	204897	200847	201255	216660	203895
82.47	200712	200688	213066	201135	200108	201291	218965	202129
82.47	200833	201960	217709	202953	201545	201671	218242	203383
82.47	199392	199811	218027	200842	200965	202971	215674	203447
82.47	200979	201512	216935	202266	200063	201529	216131	201677
82.47	201331	202041	213762	203972	200776	201335	218335	203149
82.47	201359	201851	218350	204028	201357	201466	219941	202960
82.47	201887	202012	221112	202571	200817	202282	220107	202604
82.47	202065	202596	217074	203981	202477	201797	217208	203599
82.47	200383	200187	212938	202462	202213	202756	214795	204276
82.47	201389	201776	218382	203540	201952	201799	216928	203787
82.47	200806	202255	217821	203802	201665	202122	219979	202971
82.47	201975	201523	219129	203702	201372	202140	219678	203501
82.47	200207	201701	216347	203345	201307	202092	219970	203229
82.47	201746	201525	215632	203916	200855	202658	215705	203629
82.47	201608	202423	218336	203796	201375	202495	217256	204381
82.47	200699	201132	217891	203153	202602	201978	217350	203516
82.47	200684	200477	215385	202981	200372	200856	217932	204011
82.47	201365	201658	220823	203053	200854	201823	221673	204709
82.47	200852	200017	218354	203533	201413	201749	216315	203789
82.47	201472	201371	217933	204663	201047	200979	217277	203073
82.47	201164	200450	217426	202026	200475	201509	218034	202613
82.47	201493	202600	219614	203311	201215	201783	216424	203960
82.47	200983	200677	219410	203166	200971	201405	218523	201692
82.47	202278	202112	216111	203959	201654	202001	220477	204581
82.47	202642	202010	217841	203827	200467	201032	217730	203081
82.47	200104	200466	214111	201877	200950	201376	221818	202148
82.47	200663	201973	215633	203506	201593	201658	216522	203219
82.47	200949	201644	217950	203497	201752	201411	218125	202246
82.47	201654	201927	217530	203252	201374	201055	215383	202887
82.48	202502	202252	219674	205372	202552	201833	219026	203513
82.48	201885	202957	218523	203521	201625	202189	218301	202911
82.48	199310	200672	214657	202109	200963	202431	219435	204873
82.48	200460	202044	218349	203431	202167	201759	218477	201737
82.48	201265	201847	216815	202058	200633	200829	215319	201944
82.48	200645	201151	219530	202677	202053	202136	215480	203311
82.48	201061	202062	217544	202523	201154	202538	217550	203920
82.48	200786	201230	217770	204473	201482	202318	219522	203212
82.48	202321	202728	218316	205333	200788	201205	219149	203612
82.48	202460	202611	219669	202968	200596	201666	216878	202914
82.48	199579	201833	216348	202807	202332	201946	217519	203218
82.48	201225	201438	217168	201991	201393	202038	218703	204276
82.48	200940	201840	215818	202670	200585	200946	217011	203975
82.48	201794	202533	215549	204569	201495	201702	217313	203895
82.48	201862	202260	217980	203905	201721	201728	214726	203271
82.48	202521	201501	213959	202880	200987	202225	216172	203394
82.48	202298	200619	217018	202647	201458	201838	216661	203166
82.48	201026	201035	217702	202206	201172	202023	215072	204531
82.48	202119	202059	218454	204203	200401	200977	217220	202136
82.48	200422	201345	219429	202002	201419	201860	217424	203832
82.48	201985	201758	219691	203642	201362	201324	220201	203129
82.48	200856	201417	217210	203157	212835	205663	206177	202909
82.48	200287	200791	216290	202690	200748	200464	216425	202211
82.48	200918	201656	216609	204193	201712	201701	216770	204677
82.48	202179	203451	217081	203839	202379	201553	216815	203104
82.48	201465	201334	218813	203342	201282	201772	219263	204076
82.48	199530	200232	215085	201899	201864	200756	217996	203009
82.48	201368	202048	219517	203552	201068	201114	218496	203630
82.48	200469	200547	217940	202011	201010	201699	220228	202650
82.48	200495	202022	217609	203475	200569	201736	218515	203588
82.49	202620	201372	219118	203008	200885	201384	219351	203584
82.49	199348	200564	215220	202785	201334	201964	217374	204022
82.49	202120	201560	219281	203193	201600	203045	216802	203131
82.49	202098	201818	216352	203042	201454	200203	220074	203041
82.49	200648	200690	217497	202811	201571	201671	218081	203508
82.49	201147	203398	215025	202686	202267	202530	216504	202887
82.49	201335	202553	218393	204149	201009	202443	218660	202791
82.49	202511	201733	218507	203080	201124	202071	219632	203222
82.49	200576	203532	217344	203890	201285	201563	218394	202798
82.49	200460	200374	217689	201080	201949	203020	218222	203338
82.49	200034	201042	214931	202519	200739	201808	215225	204299
82.49	201560	201450	220701	203413	201317	202788	216255	203589
82.49	201068	200140	216605	202365	210658	203492	210625	202185
82.49	202214	201922	217184	203555	201108	201975	219146	203298
82.49	201852	201895	219496	204881	201501	201403	217557	204069
82.49	200767	201702	218159	203488	201332	200937	218176	202128
82.49	200747	201097	217775	204117	200907	200393	219244	203216
82.49	200539	201606	219577	204440	201542	202518	219389	204708
82.49	200143	201341	220173	202430	201900	201734	218188	203100
82.49	201631	202411	218721	203534	201743	202360	217516	203239
82.49	201415	200101	218551	203244	201607	202003	218621	203893
82.49	201560	203469	218874	204815	201572	202747	221854	203831
82.49	201217	202197	219648	204033	200987	202131	218137	203491
82.49	199959	200233	217999	201356	201789	201578	221052	202185
82.49	201493	202201	216625	202278	201219	201304	220756	203204
82.49	200645	201906	218410	203762	201242	201415	219783	203673
82.49	200954	201003	217957	202708	200637	200980	202014	201843
82.49	202340	201909	216231	204575	200620	201870	217683	202847
82.49	200873	200726	217374	202259	200523	201808	215131	201823
82.49	200434	201751	217234	203855	200824	201473	219853	203445
82.5	201728	203005	217762	202890	202410	203046	217507	203296
82.5	200275	199834	217082	201711	200516	200240	219815	202740
82.5	201590	201670	218354	203136	200758	200839	201724	201581
82.5	201793	202348	217102	204519	201547	201890	221579	203026
82.5	200531	201495	215788	203097	201417	202039	219397	203129
82.5	200870	201489	217325	202447	200470	200811	218640	203533
82.5	200682	201590	214319	203004	201135	201678	202719	201516
82.5	202754	202213	217047	204111	201376	201412	215630	203042
82.5	200432	200106	217493	202042	200474	201084	202727	200924
82.5	202881	203416	218327	202719	201010	201437	217036	202980
82.5	201315	202284	219139	202796	201650	201783	219029	203483
82.5	200558	201067	217850	202385	200790	201223	219155	201632
82.5	201617	201569	223498	203199	201715	201039	220159	203979
82.5	201635	202519	220185	202429	200946	201741	217170	203385
82.5	201311	202280	218857	204431	201408	201249	217614	204424
82.5	201741	202955	219628	204133	201677	202665	216622	204246
82.5	201309	201247	217092	203911	200964	202052	217224	204063
82.5	201922	201083	218550	203183	200723	201057	218112	203971
82.5	200986	201560	217644	202049	200320	201814	220114	203621
82.5	202054	202091	216964	204468	202292	201817	218768	202457
82.5	201512	202636	218263	203315	201469	201864	219023	203745
82.5	201005	200990	214235	201593	202074	201690	219274	203655
82.5	201207	201926	216009	201962	201776	201431	218566	202511
82.5	201748	202945	219730	203613	200834	201232	202314	201743
82.5	201415	202432	220683	202642	202186	201282	202551	201183
82.5	201951	201886	220089	202845	201302	201114	202892	202264
82.5	201207	201551	218389	204646	201066	202009	218945	203317
82.5	202070	202000	218675	204228	201504	202019	218521	203999
82.5	200698	200518	219943	202066	201136	202161	219580	202735
82.5	201944	202362	220101	203671	200778	201316	218736	203610
82.51	201862	201980	217666	203746	200657	201197	202010	201387
82.51	202990	202643	221011	204562	201853	201772	220021	203996
82.51	201500	201163	219765	202454	200957	201798	220586	202652
82.51	200315	202046	219846	202607	201539	201246	221748	203414
82.51	201583	201456	220826	203822	201164	202673	219809	203977
82.51	201246	201721	218179	204228	201205	201712	218901	203026
82.51	200959	201780	220463	203600	201611	201705	222474	202976
82.51	201078	202299	219320	202906	201499	201037	220117	204249
82.51	201142	202221	216833	202860	200351	200789	202998	201239
82.51	202220	202340	215575	203325	201111	201436	202036	201785
82.51	202184	203026	215217	202979	201003	201649	215227	202569
82.51	199537	200060	214901	200761	201420	201286	201288	200786
82.51	200293	200633	216059	203885	201172	202578	212445	203176
82.51	199605	200890	213435	201958	200739	200790	214800	202604
82.51	199821	200098	213114	200549	201327	201790	213129	202584
82.51	199579	200009	213252	200935	201800	201346	202316	202187
82.51	199775	200810	214429	201217	200943	201089	214569	203142
82.51	199191	199615	213282	201141	201325	200531	213929	202574
82.51	200230	200597	215106	202144	200559	200563	212500	202708
82.51	200564	199904	212501	200999	201164	201174	215475	202944
82.51	200475	201151	217016	201997	201406	200767	201801	201958
82.51	201399	201221	214543	202798	200993	201051	201500	201561
82.51	202412	202212	215049	203668	200228	200685	214027	202529
82.51	201421	201784	215406	202993	201481	202771	212913	204602
82.51	200718	201381	213133	202498	201388	201667	215282	204364
82.51	200742	201463	214211	201823	201015	200966	214284	201609
82.51	199560	200604	214286	202390	201654	201774	213608	203157
82.51	198879	198702	212337	200294	200648	201357	214384	203297
82.51	200016	200217	212491	200940	202444	202246	215472	202047
82.51	199682	199966	215362	200530	200651	201616	214481	202295
82.52	200861	201493	216528	202456	201694	201534	215678	202985
82.52	200041	200742	214684	202872	200773	201764	214457	203986
82.52	200471	200490	213538	202029	201011	202104	215699	203591
82.52	200054	200837	215047	203561	201403	202684	215265	203137
82.52	199680	200040	214557	200786	200520	201623	213353	203486
82.52	199547	200523	212529	201049	201254	200719	217455	202346
82.52	199278	199615	212512	200425	201387	202220	217349	203286
82.52	200260	199562	215037	201515	202210	201622	216309	203538
82.52	200956	200806	214718	202492	201033	201761	217705	202133
82.52	200111	200751	216049	200925	200428	201599	215845	202665
82.52	201687	202287	214884	202936	200293	201577	214583	203192
82.52	201273	201796	216313	202891	200811	202605	216179	202552
82.52	202214	202061	215617	203499	201486	201283	202388	201589
82.52	203165	203312	216023	202589	202280	201798	214265	204890
82.52	200019	200206	214778	201013	200506	202029	212888	201907
82.52	200060	200696	214985	201940	201829	201551	213677	203346
82.52	199300	199224	212674	201808	207309	203342	202643	201724
82.52	201743	202820	216996	203350	201042	201290	217265	204068
82.52	200210	200402	217599	202703	201040	200739	217803	201878
82.52	199438	199821	214630	201293	201591	201610	217404	201745
82.52	200475	199896	215026	201152	200658	201714	217379	202950
82.52	200631	199746	214492	200564	200975	201644	216997	203241
82.52	199441	199062	213966	200477	201245	201870	215754	202721
82.52	200400	200377	213798	202422	201390	201503	217895	203048
82.52	200361	200346	214979	201887	201245	201676	215695	202959
82.52	199817	200555	216837	200654	201781	202127	214835	202870
82.52	200316	201140	215502	201215	201610	201701	217296	203428
82.52	199726	201043	215247	202165	201546	200868	213905	203828
82.52	199831	199904	216884	201524	201138	201248	216682	203094
82.52	199020	200488	214535	202104	200428	200609	201762	201165
82.53	200746	201407	214152	202494	202772	201657	214086	203384
82.53	200410	200757	214689	203522	201211	201344	214029	202890
82.53	198606	199559	211743	200239	201857	202382	217761	203943
82.53	200195	200310	212239	202197	201615	201523	213824	202446
82.53	199346	199699	218303	201027	201062	201724	213625	202273
82.53	199741	199949	216453	201900	201334	201976	218552	203879
82.53	199959	200775	215408	201092	202428	202238	216815	202631
82.53	199593	199799	213433	200987	201339	202010	215613	203024
82.53	200170	199162	216013	200793	201527	200762	216983	201800
82.53	199188	199870	213837	200885	201028	200686	201716	201112
82.53	201995	201220	215993	204119	201189	201024	202142	202002
82.53	201115	202296	217871	203334	201749	201901	216662	204768
82.53	199800	200900	214896	201581	200642	201344	202415	201301
82.53	200816	199693	216188	201126	200301	200959	202003	200840
82.53	202187	201898	217339	202382	201679	201643	216475	202732
82.53	201845	201744	220927	203859	201441	201771	218802	202822
82.53	201801	202442	216956	202272	201027	201743	214828	202175
82.53	199487	199095	216938	199401	201245	202593	216910	202845
82.53	199743	200442	216012	201522	201408	201661	217854	203388
82.53	200785	200507	216014	202427	201577	202052	219385	202841
82.53	200754	200845	216469	201060	201440	200891	217567	202189
82.53	201744	201215	216882	203484	201127	201569	218561	202604
82.53	199167	199341	213240	200992	201637	201975	218625	203096
82.53	200010	200752	217494	202485	202087	200909	218805	202969
82.53	200247	200748	216495	201011	201245	200447	215033	202689
82.53	199414	199735	216623	201362	200889	201094	217584	202933
82.53	200003	199247	216313	202038	201453	201665	216651	202529
82.53	201177	201291	218078	201500	202050	201266	217459	202835
82.53	201927	201838	219065	203281	202005	201969	215568	203002
82.53	201145	200659	219278	202023	202178	202860	216579	204488
82.54	199595	201067	214803	201629	201354	202216	218780	202405
82.54	200012	200796	217539	201464	201810	201196	201853	201732
82.54	202155	202284	218630	204010	202060	202652	217323	202463
82.54	201202	200964	216586	202182	201735	202032	218578	202690
82.54	200625	200140	216679	201560	201108	202119	218698	203633
82.54	198998	199584	213914	200703	201729	201943	218555	202949
82.54	200163	200889	217563	201515	200542	202097	218213	202534
82.54	200351	200629	217482	202493	200668	200531	202377	201121
82.54	202513	202257	219209	204345	201189	201997	218179	204437
82.54	200459	200869	218323	201824	201971	201332	218881	203592
82.54	198950	199616	214939	201262	201559	202286	215163	202295
82.54	200159	200426	215592	202495	201209	200807	218189	202693
82.54	200089	199496	215212	200732	200687	201719	202469	201677
82.54	202103	201836	220591	202931	201779	201422	220329	203455
82.54	199181	200764	217843	202118	201102	201791	216264	202488
82.54	199913	199947	215423	201346	200853	201019	202103	201084
82.54	200557	200836	218144	202138	201372	201222	218574	202673
82.54	199796	199333	219595	201953	201810	201654	218422	203308
82.54	198931	199707	214313	201581	201738	200843	216450	203642
82.54	200319	200033	215911	201353	200446	200394	217395	202741
82.54	200000	201041	218307	202496	201324	201739	219916	202816
82.54	200000	200193	217419	200459	200593	202310	218372	202437
82.54	200097	199775	218228	202299	202082	201091	221118	202321
82.54	199713	199998	216356	201514	201201	201232	201969	201176
82.54	201035	199967	219709	201914	202306	202072	216873	203027
82.54	202393	201589	220990	203692	201842	201989	202189	201669
82.54	201691	202417	218439	202962	200508	200586	219405	203167
82.54	199324	200284	215134	201864	202022	202355	220063	202822
82.54	200886	200638	219027	203483	201487	202254	218058	202959
82.54	200068	200255	215906	201327	201283	202066	220000	204360
82.55	200987	201555	217757	202556	201820	201210	219166	203039
82.55	199933	200553	217129	202123	200223	201024	201194	201572
82.55	199763	200357	216225	202941	201184	200141	201019	201210
82.55	199602	200635	214824	201561	201577	201058	202249	201599
82.55	201866	203189	219597	203743	201675	201946	202275	201356
82.55	201972	202538	220457	203117	201177	201631	221171	203438
82.55	201721	201966	220588	203183	201344	201010	202789	201789
82.55	200655	199863	217213	202122	201296	202079	217273	203988
82.55	199754	201264	219725	201204	201084	201759	218441	203193
82.55	200465	200430	218125	202082	201073	201641	221769	202978
82.55	199153	201146	217805	201334	202184	201261	221923	203728
82.55	199960	201250	214799	201787	200777	201067	202009	201645
82.55	200315	200111	218119	202658	201743	202838	219585	203806
82.55	200290	199836	216546	200852	201393	201497	202788	202039
82.55	200257	200710	216878	202219	201848	201491	217290	202991
82.55	201602	202062	219052	204704	201936	201785	218928	203085
82.55	200739	201082	216789	203055	201157	201015	202007	201375
82.55	202444	202013	222864	204247	202042	201352	220147	202390
82.55	200240	200367	219127	201005	202114	201213	202608	201576
82.55	201831	203692	219142	203191	202301	202214	220219	203839
82.55	199941	200862	217051	202952	200974	200030	201373	201362
82.55	200841	201661	216960	203608	201059	201701	220551	203185
82.55	201597	201831	218406	204228	202310	201726	203085	202343
82.55	202473	202272	217304	203582	202095	202088	221519	204082
82.55	201568	201382	218365	203024	200250	201037	201856	200967
82.55	201785	202297	219719	202994	202119	202155	219157	203302
82.55	201252	202473	219946	202737	200610	200863	201530	201830
82.55	200861	201641	218557	203373	201307	202297	221538	203336
82.55	201462	200452	218896	202535	200768	201455	208799	200951
82.55	201132	200834	216273	203111	201499	201699	220776	203468
82.56	201071	201339	218916	202185	201622	201706	201686	200467
82.56	198714	200253	217185	200578	201000	201065	202087	201249
82.56	201291	201505	215919	202531	201057	201121	201803	201665
82.56	202794	201736	217908	204072	202115	203088	219477	203177
82.56	201067	202601	220276	203921	201344	200899	202938	201761
82.56	201502	202478	222430	204263	200534	200998	202304	201824
82.56	201872	201229	221149	203573	201107	201598	201574	201697
82.56	203885	202843	212339	202968	201255	201203	202422	201439
82.56	201353	202510	219652	204207	201366	201164	202128	201613
82.56	201519	201952	212163	203253	201158	200535	201723	200983
82.56	201556	202675	212014	203728	201422	201172	211200	201736
82.56	201794	201561	214183	203347	201637	201273	213688	202090
82.56	200959	201029	213195	201511	201274	201325	202429	201578
82.56	202335	202914	211954	203972	201052	201401	201596	200737
82.56	201062	201418	213604	202440	200600	200096	201982	201426
82.56	201720	203012	211498	202630	201257	202204	211370	202061
82.56	201731	202777	211900	203479	201244	201201	210613	203985
82.56	201509	201824	211756	201985	201428	202022	212199	202920
82.56	202606	202467	211458	203995	200076	201777	212536	202593
82.56	200834	201409	211265	202014	201322	200593	202440	201661
82.56	201654	201853	210427	202548	202324	202127	211789	203698
82.56	200577	201055	212050	201819	201546	201560	212301	202042
82.56	201757	201510	213792	203013	201173	201655	201868	202090
82.56	201747	202572	213622	203313	201545	201129	214438	202792
82.56	201178	201487	213790	203258	201204	201320	201494	201275
82.56	201372	201210	214157	202799	201275	201261	201780	202661
82.56	200831	201396	213143	203629	201675	201615	216706	202922
82.56	201492	202215	216825	201712	200865	201397	202231	201888
82.56	201506	200731	216918	202231	201333	201161	214963	202305
82.56	201043	201435	216551	201705	201036	201616	203209	202068
82.57	200911	201038	214488	202930	201580	201177	214366	202993
82.57	201043	202084	215820	202694	201059	202316	214378	202850
82.57	200530	201719	213802	202132	202067	202262	217259	203007
82.57	201572	201178	212678	203080	200921	201221	214415	203497
82.57	200312	200945	216870	202209	201780	201382	215995	202594
82.57	201732	201664	217891	203083	200634	201864	213749	201230
82.57	201587	202452	215443	202933	201498	201176	214285	202492
82.57	201584	200801	215332	202620	201633	200777	214519	202890
82.57	201983	200972	214976	202400	201048	200820	201961	202323
82.57	202678	202851	215319	202931	200883	200243	201282	200979
82.57	202469	202108	213492	204136	201863	201635	213851	202975
82.57	201020	202259	216048	203621	201658	201845	214816	202602
82.57	201596	201866	215964	202626	201365	201247	201670	201872
82.57	201103	201333	215488	202882	201413	200332	201268	201458
82.57	201809	201390	216986	203612	201304	201623	201444	201212
82.57	202733	202226	216233	203813	201038	201599	201667	201344
82.57	202781	202559	216616	202781	201677	201291	202080	202057
82.57	201078	201818	215545	203215	201193	201652	217416	203443
82.57	202093	202452	214098	202582	201405	201547	202620	202448
82.57	201479	201731	214029	203762	201999	201729	216209	204358
82.57	201757	202539	216636	203354	201849	200939	201981	202320
82.57	201239	199392	213684	201214	202190	202326	218909	202663
82.57	201429	201614	214881	203657	201342	202655	202168	201202
82.57	201564	203100	217462	203794	201337	200575	200435	201766
82.57	202965	202665	215820	204090	201529	201643	216976	203387
82.57	200003	200168	214352	201420	200610	201360	217406	201313
82.57	200421	202707	216485	202832	201336	202419	217098	202913
82.57	202269	201515	215949	202998	202171	202084	219948	203523
82.57	202191	201875	217492	204111	200580	201233	201840	200744
82.57	201205	201912	217788	202198	201165	200979	214167	202825
82.58	202088	202149	218611	202618	200547	201516	201259	202226
82.58	202094	202946	217362	203186	200747	202598	215066	202669
82.58	201459	201340	217205	203059	201641	203013	216943	203197
82.58	202042	201419	216129	202841	200597	200367	201789	201395
82.58	200312	200935	213406	203051	200742	201734	217299	203081
82.58	201913	202069	217080	202719	200671	201472	215828	201801
82.58	200948	201060	217794	203123	200740	201286	216418	203261
82.58	201693	200739	216881	202564	201322	202426	216730	202545
82.58	200377	199502	216223	201955	201481	201506	217113	203885
82.58	200795	201345	216392	203858	200995	200454	202153	201317
82.58	201217	201880	217623	202465	200833	201552	217040	202322
82.58	202527	201721	216050	203748	200742	201051	217633	203246
82.58	201469	201319	217139	203680	201793	201494	215214	201734
82.58	201640	201834	216239	203333	201109	201125	201989	201585
82.58	200460	201330	214513	202687	201183	201378	215112	203603
82.58	200485	200971	214148	202110	201257	201797	217502	202670
82.58	201047	201262	217691	203525	200348	200774	201829	201277
82.58	201631	201031	216292	203477	201281	201201	216572	202058
82.58	201815	201965	220377	203115	200643	201323	202561	201565
82.58	200935	200933	217386	203478	201564	201918	219993	202256
82.58	201498	203354	215231	202092	200796	201675	202265	201442
82.58	202099	203224	215754	203858	202205	202551	215101	202735
82.58	201047	202425	215972	203082	201135	201102	201845	201041
82.58	202520	203042	214901	203051	200808	201146	202466	201812
82.58	202543	203766	217853	204028	201704	202488	215114	203383
82.58	201575	201705	218493	203080	201681	201199	214690	202426
82.58	200052	201166	214523	201147	200184	200357	201745	201095
82.58	202562	203527	221231	203362	201183	200984	202446	202398
82.58	200859	201581	215313	203438	201141	201774	217407	203514
82.58	202681	202129	217259	204556	200860	200627	202918	201687
82.59	202206	202117	217551	203471	202510	202264	218024	203942
82.59	201818	201738	216371	203302	201019	201771	218204	202213
82.59	201736	201669	217825	202691	201286	202119	216710	202192
82.59	201170	202403	217740	202450	201258	201557	218004	202616
82.59	202559	201918	216744	203322	201188	201495	218646	202830
82.59	201266	201459	215761	203833	201557	201819	216845	203000
82.59	200805	201212	216360	202742	201461	202044	215987	202630
82.59	201189	201519	216927	202007	202021	202739	216933	203068
82.59	201852	202964	220669	203223	201163	201242	219116	202828
82.59	201266	202805	216154	203071	201102	201884	220697	202850
82.59	201644	201758	217419	204285	200742	202255	218041	202522
82.59	201392	201525	219594	203201	201166	201507	217794	203702
82.59	202422	202951	216699	203413	200951	201828	213977	202024
82.59	201706	202828	217300	202655	201108	201021	215950	202361
82.59	201414	201971	216639	204050	200509	202394	217927	203187
82.59	200927	201577	217431	204141	201259	200968	215805	202862
82.59	202142	202726	219171	204379	201458	202560	217274	203377
82.59	201955	201928	218637	202987	202158	201601	216657	202950
82.59	201761	202746	216207	203242	202321	201540	217880	203110
82.59	201374	201853	218223	203413	202205	202806	219148	203513
82.59	200784	201828	218895	203507	200762	202030	216225	203570
82.59	201622	202031	216725	202255	201372	202104	218203	203261
82.59	201279	202475	217085	202630	200870	202064	218830	202512
82.59	202496	201714	219094	203824	202165	202673	217952	202759
82.59	201508	201716	217055	202663	200936	201936	218026	202915
82.59	201155	200441	218660	203697	201724	201636	219382	202102
82.59	202220	202036	219397	204135	201070	201909	217488	204952
82.59	201631	202288	218209	205061	201815	202632	219258	203843
82.59	201855	201839	218744	202451	201269	201405	219310	203291
82.59	201820	202615	217679	203247	201666	201437	218114	203105
