82.51	221369	221824	203562	221269	222774	202591
82.51	219830	222432	202156	218584	219193	201503
82.51	217076	218248	200917	202258	202556	200562
82.51	216461	218726	201531	222393	222666	203347
82.51	220393	221737	201468	220761	222278	203464
82.51	217643	221767	200265	216696	221111	201372
82.51	216009	220038	201271	219565	220064	201723
82.51	219111	221930	201161	202158	202841	200754
82.51	219197	218648	201800	216159	221087	202079
82.51	215902	218129	199930	202983	202167	201912
82.51	216491	219305	200397	203213	218053	202056
82.51	216146	221424	201226	203191	216667	200573
82.51	217398	219287	201585	218800	217339	202207
82.51	218032	221424	201023	217518	220670	202557
82.51	218892	216367	200510	218355	220346	203048
82.51	218392	220489	200867	220053	221897	200971
82.51	219920	222269	201556	219917	223432	202783
82.51	217677	219655	200450	216574	204037	202014
82.51	214816	218790	200669	217272	218979	202832
82.51	217720	219494	201207	221047	221129	201985
82.51	216400	219874	201328	221602	222822	201890
82.51	221003	221399	202817	220001	221215	202200
82.51	219232	221195	199375	203610	221466	201476
82.51	218666	223553	200093	203554	218795	202006
82.51	222704	222754	202664	220562	220777	202489
82.51	222652	222676	201872	217423	204327	200834
82.51	220891	221039	202012	218314	205241	201219
82.51	221371	222452	202395	219013	221339	201645
82.51	217302	220221	202120	219984	221777	203114
82.51	220151	221787	202731	218525	220272	202784
82.51	222606	220122	202297	219678	221044	201835
82.51	221005	221859	202285	202199	202167	201361
82.51	219199	220047	201207	221116	220584	201524
82.51	221502	227733	202644	204189	219804	201187
82.51	221076	220667	201731	221502	222285	202517
82.51	218550	220937	202460	219402	218882	201530
82.51	220236	221511	202837	216113	204182	201675
82.51	222476	222454	202251	220002	221166	202005
82.51	219903	223712	203043	215591	223996	202122
82.51	218843	222834	200874	222209	204780	201284
82.51	220239	224003	202568	217069	221034	201418
82.51	222656	222485	203143	203252	201342	201237
82.51	220652	223602	201776	219682	220182	202672
82.51	221031	219021	202344	216959	205300	202137
82.51	217275	221196	201220	219252	203635	200893
82.51	216508	220119	202751	220979	219418	202867
82.51	218071	220695	202943	217037	220561	202944
82.51	219301	218253	201828	220731	203970	202436
82.51	216411	219402	201604	221320	220359	202376
82.51	219061	222200	202536	219273	204210	202477
82.52	222134	225081	202774	219934	223576	201630
82.52	217127	222978	202245	217449	224200	201691
82.52	220985	222916	201326	218867	204247	202650
82.52	217411	220201	202090	219038	220204	202354
82.52	218871	221980	201618	215996	218825	201811
82.52	221221	222394	202473	202886	218739	200895
82.52	220120	225047	202628	221396	223740	202637
82.52	218500	220482	202562	219531	223590	201488
82.52	218951	221169	201115	219687	220508	202323
82.52	220953	225049	201827	219273	220629	201555
82.52	221481	221562	203451	219899	222395	201912
82.52	222996	225672	202205	218428	224030	202281
82.52	218672	220103	202821	219107	219802	202511
82.52	217748	219179	201681	218574	222707	201605
82.52	220078	220181	202602	216348	205665	201792
82.52	218943	222031	202132	223261	222538	202700
82.52	220628	223310	201581	222660	220799	202576
82.52	220304	222244	202707	219990	221251	201545
82.52	216872	221198	202147	221803	204825	201676
82.52	217406	224511	202406	221207	223609	201528
82.52	219005	221800	202017	222185	221581	203159
82.52	218191	221020	201036	203746	220684	202545
82.52	217758	222544	202312	218392	223013	202181
82.52	219130	223306	202447	221544	219164	203827
82.52	220629	224705	201497	216880	220647	202617
82.52	219403	223293	202833	223051	222849	202383
82.52	217732	220002	201827	204495	203139	200335
82.52	217524	221319	202812	218689	225311	203378
82.52	218581	219168	201877	219095	221098	202525
82.52	220501	219873	201689	218138	220069	201695
82.52	218334	220279	202902	220413	205002	202590
82.52	219592	220218	203526	218716	218734	201809
82.52	222562	224761	201752	217452	222029	202636
82.52	221490	223498	203077	221877	224912	203323
82.52	219994	220988	203245	202741	202558	200955
82.52	221730	221572	202027	219155	222890	203010
82.52	222434	221472	202902	204266	217884	202146
82.52	218643	219336	201164	220352	204123	201113
82.52	222240	222642	202272	218978	221606	201290
82.52	220025	221076	202702	220099	219441	201563
82.52	219996	223136	201807	221292	220341	201614
82.52	220416	217693	202417	219809	224365	201991
82.52	219707	220041	202740	218938	218218	202164
82.52	220286	223791	202198	203411	217508	201895
82.52	217624	220468	201937	217704	218707	201578
82.52	219895	224319	202418	218904	221885	201839
82.52	218028	222235	202487	218519	218762	202013
82.52	220478	222094	201602	219735	222810	202310
82.52	219355	224685	203095	218918	221163	202154
82.52	221527	222417	202374	218102	221455	201954
82.53	217252	220457	203779	220054	204793	201750
82.53	219802	222213	202940	218080	203993	200725
82.53	218939	221314	201581	218817	204657	200184
82.53	221635	222379	200863	221258	220879	201195
82.53	217633	219357	201296	220044	224564	202520
82.53	219870	219448	200158	219781	202994	201235
82.53	221442	219304	200819	203266	203220	202476
82.53	218824	219312	200984	220252	205021	200927
82.53	220717	221883	201992	220099	223316	201764
82.53	217909	221405	202350	217824	205414	201136
82.53	218638	219177	203758	204055	218509	201872
82.53	220596	220050	202232	221681	223369	202231
82.53	219779	221994	202801	203748	217588	202482
82.53	218337	218971	202481	216047	204189	200999
82.53	219966	224075	201540	203922	218321	201377
82.53	219732	220808	202494	221204	221742	202829
82.53	220746	221059	202878	218785	220549	203022
82.53	217783	219378	202624	202808	203347	202057
82.53	217127	221012	202567	216782	219257	201615
82.53	219763	222451	203005	203040	202486	201137
82.53	223239	220353	201916	204295	219831	202544
82.53	219720	222345	202878	217025	219863	203081
82.53	221304	219274	202896	215823	220988	202042
82.53	221406	220022	201926	202444	201770	200747
82.53	219726	221656	203446	222189	219665	202690
82.53	220985	223089	201862	202885	218164	201282
82.53	221924	222153	201810	221306	222429	202733
82.53	221751	221751	201660	203090	218464	202366
82.53	220562	220091	202343	220413	221731	203220
82.53	218354	222845	201468	203842	220717	202714
82.53	216898	221593	200589	202699	201669	201803
82.53	222247	226128	203001	203670	221117	201537
82.53	220689	222811	201747	220517	219091	203046
82.53	220903	223067	202053	222693	225816	202224
82.53	219874	223388	202928	202511	217953	202264
82.53	220500	221902	202592	219878	204412	201367
82.53	219937	221490	202502	221554	221498	202142
82.53	220729	223804	201333	216516	221739	201909
82.53	220751	222472	202502	203980	220707	202281
82.53	221043	220290	202624	217172	203073	201464
82.53	218239	221459	203054	203335	218738	201550
82.53	219059	221028	201510	216641	220044	202032
82.53	218426	221691	202019	221920	222458	202698
82.53	218588	222453	201582	218130	222326	202554
82.53	219723	219889	202764	203934	218907	202383
82.53	220262	222199	202118	222660	204636	201215
82.53	218375	221998	202308	219955	220860	202240
82.53	220591	221708	202534	203799	203862	201873
82.53	221045	220662	201458	214704	216741	202851
82.53	220243	222299	201970	219692	223108	201964
82.54	220297	225614	201826	203261	203259	201306
82.54	220590	220045	203427	218624	203562	201353
82.54	218724	224044	202872	219387	222087	202168
82.54	216595	222081	202114	221030	205009	201019
82.54	220709	224939	202708	203884	220384	201760
82.54	221274	222840	202706	221362	204424	202445
82.54	218890	221735	202740	217794	204234	201331
82.54	221169	220049	203481	208275	218743	201429
82.54	221176	220761	202412	218447	220309	202576
82.54	220638	223724	202492	221677	218356	201845
82.54	222923	220750	202341	217909	204470	201732
82.54	221961	222056	202141	221265	203636	201273
82.54	218852	221985	201384	219188	204977	201525
82.54	221502	221242	201726	219349	204888	201429
82.54	220574	224920	202604	218849	204454	202208
82.54	222058	220715	202173	216428	204592	201374
82.54	221419	224023	202074	202344	202305	200832
82.54	221320	220705	202745	218687	204457	201546
82.54	219479	222274	203782	204360	217143	202730
82.54	220044	222899	201141	220063	222907	202388
82.54	217727	224047	202494	219570	205225	201580
82.54	216695	223342	202586	219074	203722	201003
82.54	219495	222913	202328	201850	201752	200698
82.54	220582	221194	203313	204625	219127	201986
82.54	221216	221543	202172	219876	206070	200968
82.54	217827	222188	202572	219993	218637	201638
82.54	222116	223392	202884	221667	204260	201462
82.54	220093	222057	203182	202177	202534	200961
82.54	222260	222944	202318	221226	206609	202492
82.54	218169	220800	202703	219029	203985	201490
82.54	223675	222513	202148	221264	204612	201509
82.54	219724	221714	202789	203921	202284	201220
82.54	219749	222239	202606	218806	224770	202091
82.54	218890	221336	201759	217870	204578	201569
82.54	220502	219593	201573	203351	201911	200528
82.54	220092	221174	201379	217561	222231	203438
82.54	219691	222312	202201	219119	204650	201088
82.54	222020	219090	200903	202566	203545	201197
82.54	219682	221322	201661	217439	222105	202748
82.54	220607	220834	202282	202637	201914	201383
82.54	216564	220376	200814	216474	203997	201437
82.54	222297	225214	202523	203558	220000	201673
82.54	222608	226632	203355	202990	202664	201038
82.54	217109	223079	201096	220161	205034	201664
82.54	222647	223266	202678	203140	220680	202726
82.54	221954	223847	202491	219892	204257	201762
82.54	218305	223491	203242	219930	222025	202114
82.54	219884	221548	202007	221677	221025	202070
82.54	221459	223007	202715	203464	202197	202943
82.54	218285	216666	202094	204368	217855	201256
82.55	217757	220217	202954	203157	202803	201148
82.55	223216	223842	202807	202288	201732	200774
82.55	219676	222280	202864	221497	205176	202225
82.55	218293	223193	201584	219526	205514	200798
82.55	221058	221866	202304	213182	223337	201992
82.55	222417	225440	202985	221533	205966	200965
82.55	222919	225142	201967	202558	202874	201023
82.55	218515	220510	200769	218407	204230	200848
82.55	221527	226290	202363	202563	201141	201240
82.55	218131	221013	201181	205114	202351	201441
82.55	221662	222826	203174	221645	204243	203152
82.55	219891	223850	202297	217811	203622	202245
82.55	222329	228535	203166	203017	202877	201115
82.55	217762	224294	202404	202253	201131	200154
82.55	222846	224561	203587	221687	204791	202148
82.55	220789	222431	202708	202706	202064	202021
82.55	221705	222131	201142	203797	202906	200182
82.55	220735	225037	202829	203144	202052	201048
82.55	219685	223510	201500	218821	204936	200927
82.55	220011	220640	202311	218582	204165	202205
82.55	221876	222532	202680	220448	205490	202125
82.55	222663	223920	203223	221189	204868	201739
82.55	220460	223822	202598	204220	202911	202112
82.55	220911	221047	201152	220069	218527	202139
82.55	224006	223500	202597	222858	204175	201181
82.55	219256	222138	201848	216256	222377	202793
82.55	221501	221750	202449	218400	205417	201260
82.55	219772	222095	202536	213433	205911	200743
82.55	220206	223923	203519	223256	224414	202257
82.55	221730	222353	204278	220744	205132	201623
82.55	221905	222260	202215	222645	204112	201463
82.55	220479	224157	202037	223637	205042	201682
82.55	225645	224090	202370	220180	206303	200542
82.55	222544	224661	202545	215703	203916	200370
82.55	222284	223937	202924	219663	204859	201993
82.55	220763	224753	201983	203286	202323	201864
82.55	224300	221383	202586	219465	204987	201709
82.55	219918	222653	201718	218670	204282	201527
82.55	221337	222609	203245	222060	203662	201259
82.55	219625	224680	201006	222555	205707	201643
82.55	221472	224102	202665	221500	204358	201909
82.55	222090	224591	202551	222108	204446	201768
82.55	224938	224962	202923	221111	205215	201459
82.55	220490	222966	202194	221048	202825	201351
82.55	221046	225793	201747	220689	223047	203151
82.55	223355	222726	201625	218293	205190	201099
82.55	222805	225672	202712	221079	225586	201482
82.55	222687	224965	201839	218730	203170	201106
82.55	223893	223125	202679	222127	204502	201339
82.55	222889	221761	202368	204516	223073	202573
82.56	223215	225258	202056	204173	202664	201824
82.56	222314	223392	203231	220816	203300	201193
82.56	221489	222652	202482	218732	204459	201259
82.56	222663	221530	202200	203658	203341	201363
82.56	224244	222525	202040	220695	226428	202110
82.56	218125	221111	201645	202920	201880	200761
82.56	218117	218650	200730	221686	205203	202398
82.56	219859	220902	201260	221274	226148	202138
82.56	221936	224038	201301	223112	204440	202179
82.56	220143	225157	202307	220978	206282	202031
82.56	221581	222117	201673	204749	221850	201147
82.56	219200	219711	201551	203268	201929	201325
82.56	221153	220490	201148	203123	202317	201478
82.56	219441	220838	201323	202887	201541	200449
82.56	221090	223436	201193	221438	204640	202285
82.56	224558	224060	201868	224064	205993	201827
82.56	224194	222711	201979	203275	201654	200734
82.56	218982	219674	201544	223681	227669	201972
82.56	217233	221249	201062	202378	201344	200292
82.56	223211	223416	200706	219950	204806	201024
82.56	218790	222123	200280	220280	205656	201206
82.56	219558	220906	200150	223265	222943	201801
82.56	218440	222877	200502	224480	204192	201669
82.56	221650	222199	201284	219424	204120	201321
82.56	220295	227282	200600	220679	223435	202949
82.56	219432	223341	201768	220525	205155	201338
82.56	222548	224730	200739	203388	203030	202373
82.56	219377	218382	201871	222705	206293	202140
82.56	222896	221991	199281	223250	204279	201195
82.56	224072	220901	201096	202722	202191	200423
82.56	221992	221183	200948	220904	203798	201081
82.56	222030	222667	201156	225978	223278	201859
82.56	221849	222593	200868	221295	205100	201785
82.56	220399	222356	201022	202532	201725	200689
82.56	222861	224221	201079	203297	223618	202502
82.56	218619	222090	200733	221576	204459	201550
82.56	218724	221152	201065	203357	203326	200743
82.56	220894	220623	201378	220936	203841	201484
82.56	219729	224772	201887	204049	222967	201804
82.56	219895	224048	201568	219572	204693	201179
82.56	223877	224373	201925	221015	205470	201485
82.56	221128	224438	201691	202406	201548	201217
82.56	223105	221782	201465	224770	204124	201564
82.56	217602	220798	201297	222724	224749	202997
82.56	219148	225369	201924	224925	205488	202010
82.56	224690	226881	201776	220770	204280	200895
82.56	220221	222641	201340	202676	202526	201304
82.56	220556	223685	201906	220280	221076	201693
82.56	218187	221064	201230	223917	205182	201771
82.56	221185	224096	201232	202190	201452	201069
