0	231628	236053	201957	229981	235759	201468
0	232118	238088	201447	233575	234740	201626
0	228487	233537	202385	231096	231556	201602
0	233501	233109	199538	233099	233363	201567
0	233427	232578	199781	232542	234030	201776
0	227986	234887	201297	229030	231912	200990
0	231327	235049	201035	230375	231443	201454
0	229543	232637	201162	230143	235634	202603
0	232286	237452	201258	230748	234109	201849
0	228939	231131	200662	229625	233982	201431
0	227813	233468	199340	230479	233534	201694
0	227778	233618	201009	233423	238255	201441
0	232377	235643	201639	231430	236194	201046
0	227585	226606	200654	235420	236830	200839
0	233162	234684	201902	232580	235724	201680
0	228789	234734	200793	233156	235610	201524
0	228602	235145	200526	230109	234726	202251
0	231892	234744	202592	232087	236410	201830
0	230195	230624	201042	227508	234363	202128
0	227858	231994	199946	233247	237011	201988
3	232208	234839	200670	227740	233824	203193
3	233513	237626	200325	229285	233543	201477
3	233134	231051	200253	226538	228897	201310
3	232344	236648	201550	232672	231289	200972
3	228264	232646	200710	229204	237202	200733
3	227466	232936	200278	235592	237729	202639
3	231620	234555	200960	230324	238003	202826
3	229983	230652	200333	232377	235850	201288
3	229321	234216	200180	227715	235006	201954
3	226803	229549	200487	230380	232418	201349
3	229661	237367	200882	227891	234204	201165
3	230520	237835	200787	233722	239559	201097
3	230287	235459	200878	233827	236283	202460
3	229577	234136	200610	232164	234816	201373
3	230410	234593	201444	231031	233964	201718
3	232528	233055	200874	232534	237853	202046
3	231450	236207	203011	230881	234466	201379
3	230909	233557	202715	232029	233787	201650
3	230273	234748	201704	232823	240670	202472
3	234549	237775	202838	229941	237227	202644
6	229615	235467	201802	230505	233533	201811
6	229856	233249	202228	231681	234364	201442
6	231420	237758	202235	232274	232127	201501
6	232106	237738	202492	231162	238155	202626
6	229806	237662	202400	228853	237717	202046
6	230789	237728	202339	225933	234409	201844
6	232920	234418	201073	228525	229357	202143
6	229164	231716	201779	225799	226641	203259
6	221490	227800	200333	225698	229711	201801
6	225876	227643	202655	220164	226792	201949
6	222752	226159	201552	222069	222845	201200
6	223279	223520	201751	221866	224239	201821
6	219127	219184	201768	220091	221334	200993
6	218708	219714	201527	219367	218778	202180
6	220890	220934	202012	217960	222231	201793
6	220734	221592	200864	216846	223806	202396
6	221089	219939	201232	220813	222629	201984
6	220627	221879	202402	216343	218230	201765
6	216726	220026	202509	217475	217788	202097
6	219716	222270	201878	214385	221690	201835
9	219390	220627	201233	219921	221454	201477
9	215944	219407	200966	217270	220076	201321
9	219048	223056	202294	218275	222948	201897
9	219064	221684	201998	216478	219282	201059
9	217351	221069	202154	216060	221084	201361
9	218411	219638	202617	217861	219667	202101
9	219128	221156	201691	218374	219769	201926
9	218949	219402	201780	219865	220123	202648
9	219160	223642	201906	216345	219234	201312
9	221832	223503	201927	219437	207145	201791
9	222495	219792	201794	219715	220543	201912
9	221376	224007	202501	216076	220997	201477
9	218098	217535	201633	217163	218290	201786
9	219674	221252	202068	216009	223254	201921
9	219771	221328	201856	218661	220459	201884
9	219671	220998	202011	220199	223176	201705
9	219477	223972	202845	218227	204748	200886
9	221771	220692	202499	215409	219501	201206
9	219698	221189	201906	220896	223057	201148
9	222406	225027	201488	217321	222856	201201
12	218077	220260	200360	219321	219840	202327
12	220857	220717	202154	216255	205254	200900
12	219258	222730	202259	219370	223236	201388
12	222194	220475	202772	220438	223765	202192
12	219131	223880	201442	218668	224672	201289
12	219536	223034	202278	215930	221585	201423
12	217113	222216	200727	220239	223084	202298
12	218783	223929	201283	220894	220476	202301
12	220592	224193	201182	218645	221743	201673
12	219391	224794	202031	222409	220157	201878
12	221149	220889	201637	216860	221033	201012
12	219772	225402	201994	220024	221381	201686
12	219703	224666	201638	217482	223615	201751
12	221797	221425	201746	218885	223857	201230
12	221430	222990	202264	217210	220792	201450
12	218519	220025	202451	218967	218752	200915
12	220134	223500	201660	218064	205836	201372
12	220553	221131	201992	219813	218183	200973
12	219033	224088	201784	218139	222311	202544
12	219513	222876	201242	217283	221521	201959
15	218826	219347	201609	217287	221645	201831
15	218434	219643	202120	219188	221613	201619
15	219747	221519	202039	218559	205846	201533
15	220226	225375	201545	218364	220503	201420
15	218555	222004	200846	216248	220431	201963
15	218600	219967	201714	219149	221583	201982
15	217608	219238	201020	215807	219168	201472
15	220996	220999	201404	217471	220026	201330
15	217832	220241	202429	217082	205434	201367
15	217304	219391	200903	220649	222781	201741
15	216906	220783	201965	219273	218175	201989
15	219935	222784	201795	217542	220840	200964
15	218503	222142	201596	216532	222571	201940
15	219563	222676	201345	201898	218837	202189
15	216751	221425	201563	217768	221482	202514
15	217768	220843	201847	217870	218982	200548
15	218250	221937	202214	215840	204305	201020
15	220269	217475	203284	217342	221016	202231
15	218326	223651	200839	218533	220910	201598
15	219230	219897	200684	217130	218741	201344
18	218275	220886	202397	218605	219087	201918
18	218092	222383	201872	217559	204185	201280
18	216902	217858	201774	218887	220731	202029
18	219700	220134	201270	214635	206252	202212
18	216569	219155	201833	200565	201591	200515
18	217479	220375	201264	217326	219332	201809
18	216749	221354	201170	219729	222700	201923
18	216833	223179	201840	216808	218679	201018
18	220521	220296	202458	216395	218124	201613
18	219239	221144	201934	216590	206053	201094
18	219094	220862	202164	215875	205150	201586
18	219326	218942	201008	200232	201245	199960
18	217423	222203	200717	219451	224508	201722
18	220195	221161	201466	218704	207216	200658
18	219693	222133	201837	214589	218538	201384
18	220416	219759	202000	218491	220728	202018
18	221095	221195	200783	219494	219793	202996
18	218671	222675	201964	217162	220095	200786
18	219675	221844	201863	217377	220407	201617
18	217055	222106	201626	201148	206952	201491
21	218523	223435	201210	216547	220431	202650
21	217698	217609	201531	213546	204979	200851
21	216823	221169	202749	217500	218474	201324
21	220020	221036	201401	215123	205769	202381
21	219407	224663	202316	215579	219863	201587
21	217156	219989	201929	216430	204813	200904
21	215465	219377	201520	217064	205636	202117
21	220131	222827	201293	214977	205877	201378
21	218451	220980	201545	218332	218625	201836
21	216745	219063	202197	213793	205011	201451
21	217156	221534	201721	214620	205432	201207
21	219539	220618	202671	216143	219137	201856
21	220538	223580	202367	216918	204884	202417
21	216052	219585	202435	201882	213680	201418
21	213578	216813	200866	216771	221065	201169
21	218743	220166	201692	214958	218390	202274
21	218321	220896	201252	221864	205641	202904
21	216782	220402	202503	213601	219635	201685
21	216548	220031	201123	202393	216725	201581
21	219340	222553	201943	216710	221711	201119
24	216797	218496	201656	220657	220732	202152
24	213952	220336	200374	214756	220173	201431
24	214664	222043	200230	219093	219993	202847
24	216747	222279	201250	217552	222086	201462
24	215110	220602	200607	215237	205212	200886
24	216013	221393	200170	217366	205501	200839
24	216526	219872	199940	217454	219896	202583
24	217461	218779	200980	214580	219087	201441
24	215248	218725	200515	216042	216984	200232
24	215801	220085	200476	218626	221213	202485
24	213081	216949	200307	215238	205794	201216
24	217536	222461	202095	216848	204828	202084
24	217443	220377	201511	216320	204439	201048
24	218266	220445	201340	216341	221885	201370
24	216697	221864	200770	216656	204811	200604
24	215944	222111	200624	215817	206072	201826
24	216366	220998	201751	216241	217924	201738
24	219004	222510	201553	216399	221116	202425
24	220578	220538	201182	217476	220937	201806
24	216697	222158	201787	202227	220760	201792
27	221169	222335	201937	214775	219847	201614
27	220693	223276	202129	214849	217257	200856
27	217399	219589	201566	217346	219968	202086
27	219793	221996	202396	217049	205576	200616
27	218074	220763	202830	218423	218277	201338
27	218380	222291	202021	217419	205754	201502
27	221495	221187	201982	203547	218732	201475
27	216398	219769	200203	217004	221436	200776
27	216744	217125	200179	214243	222359	201750
27	217170	219246	200492	217805	206831	201581
27	217776	220531	201160	218501	220257	200872
27	218235	221830	202278	217037	220414	201593
27	218039	221166	200381	215991	217910	201758
27	215283	220405	200953	217808	205188	201493
27	216180	218955	201145	216240	206139	201073
27	218226	219919	199397	216175	206980	201654
27	215619	218689	199119	216824	204594	200708
27	215250	221647	200390	217572	221296	201918
27	216894	216910	199053	202026	202752	201076
27	219030	221178	203037	218746	220750	200630
30	219599	221274	201525	216977	222641	201767
30	220111	219787	201484	218352	221058	201861
30	219546	220819	199979	217534	207033	201280
30	219704	221404	200362	221264	220274	201741
30	220854	223637	201002	200226	202200	201084
30	220434	220898	200539	218402	221624	201004
30	217471	219997	199622	217117	218147	202025
30	216911	217289	199781	215307	217447	201757
30	220800	220039	200162	216861	219552	201407
30	219348	219811	200836	217761	222479	202438
30	216700	222362	200302	217939	221419	201046
30	216270	221511	200261	216622	204856	201290
30	217849	221173	202257	215981	205633	201129
30	218853	218096	200565	201367	202987	201962
30	216561	221866	199877	217955	204885	201902
30	216400	220590	200470	216912	222287	201727
30	216452	220249	200194	202209	203021	202012
30	216207	216976	200016	216472	205455	201699
30	218110	219540	200329	215242	221278	202612
30	219563	221157	201397	216793	204172	201522
33	217643	219204	200029	216451	204560	200600
33	218090	219373	201048	202151	221224	202557
33	219795	224617	200818	201152	217664	201673
33	219089	220489	200824	217349	222304	201274
33	220103	219041	200447	221078	219753	200942
33	216054	221910	200545	219238	206030	200710
33	224635	220803	200742	201251	202969	201437
33	218701	220142	200644	218246	205598	201348
33	217142	223829	201819	218437	222412	201117
33	215048	221719	200568	219732	219913	201276
33	219658	218559	200901	220080	218805	202597
33	219335	221624	199838	218266	217749	201447
33	220720	220041	200205	215769	220423	202475
33	219215	217009	200648	216981	221366	201774
33	216906	220939	200059	201438	201639	201768
33	217491	221657	200690	217458	205138	201567
33	216636	222556	200752	200875	202223	201102
33	219591	224139	201080	217891	206182	202081
33	218343	219675	201234	218262	206406	201634
33	215754	221949	200756	217472	205405	200895
36	217028	222049	202438	202357	215205	201387
36	218736	223227	202078	218147	221745	201465
36	218970	222591	202396	201256	202381	200887
36	217415	219596	202742	201808	202996	200975
36	217513	221990	203200	217991	203614	201176
36	216936	219740	201432	218739	205858	200984
36	216593	220903	201085	218120	204621	202363
36	218647	221130	200637	201175	202880	200490
36	216997	222760	200159	217396	204996	201322
36	217990	223422	199680	201167	201848	201534
36	218103	220731	200718	216578	206565	200646
36	217772	221057	200069	201259	202255	201363
36	217664	221857	201028	201186	219798	200594
36	217991	220268	200214	217484	204562	201664
36	216778	220417	200197	220508	205320	201663
36	216604	218029	200539	221019	223361	202116
36	217954	219867	200751	219532	218690	200851
36	215535	219199	200897	216933	219576	202773
36	216861	220477	200015	216327	220439	200960
36	216014	216176	199343	217738	204592	201395
39	219463	221910	200357	201233	203379	201054
39	215585	222206	199930	220243	221699	202023
39	213531	219923	199930	217481	219129	201131
39	216296	219049	200773	201129	217494	201823
39	217593	219944	200548	217707	219440	201443
39	216262	217534	199948	216672	205686	201861
39	216936	219089	200465	201617	217819	202140
39	217891	218763	200436	214692	204432	200828
39	218574	219669	200897	220647	222202	201716
39	215308	218541	199709	216112	204934	201644
39	217152	219519	200564	215617	205410	201313
39	216701	219839	199907	216767	206650	201117
39	216698	219311	199625	215756	218531	201687
39	215453	218190	200496	214835	219618	201538
39	214002	217974	200172	200805	201464	200705
39	216286	217965	199891	201642	216701	201263
39	217895	221094	200110	202103	217432	201485
39	217822	219020	200573	201472	202295	201796
39	216541	220111	199810	201592	201769	200809
39	214880	218347	200590	201275	202917	201450
42	215183	216950	199905	214633	204378	202121
42	214668	220486	200348	201202	202157	201600
42	213517	217928	200239	200877	202059	200481
42	215353	218312	198829	217213	219304	202488
42	215807	219818	199838	214768	217033	202185
42	215083	219961	201044	215633	204668	200818
42	217666	219492	200351	201090	202042	201435
42	215953	220799	200239	200613	201982	201337
42	211945	216503	199151	201468	214583	201103
42	215271	216189	200832	214100	205584	201582
42	216085	217292	201063	216327	217351	201197
42	215351	217191	200228	214547	205189	201004
42	215440	220008	200658	201705	219143	201523
42	216067	215837	200033	215103	205537	202477
42	215140	218017	200486	215368	205182	201357
42	215541	219412	201484	215861	220091	202362
42	215126	217786	200196	215912	217258	201722
42	211949	217195	199787	214044	220607	201362
42	217781	217899	201731	200121	202305	201313
42	215208	219160	200916	214598	205046	202164
45	214267	220850	199914	215977	216957	202040
45	216864	220992	199375	216813	204553	200349
45	216321	220383	200529	201011	202581	200895
45	215945	215647	201104	213821	218616	201881
45	213049	214682	201119	201375	216745	201353
45	213724	217229	198933	215765	204896	201066
45	215641	218086	200282	214721	217625	201680
45	215410	219795	200069	214553	205475	201087
45	215147	217799	199978	213307	204292	201326
45	215698	218102	200991	216934	217899	201715
45	215833	216415	199162	213045	205843	201074
45	216451	216913	199493	201660	202697	201134
45	216393	216841	200620	201025	202348	200400
45	215084	219614	199121	215120	205866	200922
45	214770	215498	201672	202284	214404	201712
45	214342	216742	199972	212929	204999	200379
45	213857	219658	199588	215323	205749	201717
45	216673	219029	201466	212044	217491	202365
45	216940	218786	200762	201654	216333	201614
45	214766	219222	201901	200849	202850	201509
48	217997	220511	203142	215951	210444	200801
48	219105	221338	201136	201808	202527	201330
48	216373	215926	200753	214576	205278	200942
48	215701	219076	199669	215537	217224	201011
48	216937	218040	200270	201988	215589	202699
48	214194	218302	200870	216148	205703	201816
48	213849	218189	199989	201373	214955	201350
48	212953	215311	201247	201450	215097	201081
48	216124	215672	201949	201915	216814	201384
48	212988	216301	199672	211397	218173	201424
48	215405	218999	201403	215168	205210	201879
