82.43	202613	210441	216762	204929	202472	204856	214222	214031	205512	204603
82.43	202406	211885	213098	202735	203310	203222	210889	215576	203877	203340
82.43	203542	212061	215364	204529	204072	203357	211621	215042	204964	204010
82.43	205344	212124	217284	204128	203875	203776	212815	216755	203513	203560
82.43	203529	210512	213670	203909	204307	204928	211597	215886	203761	203557
82.43	204258	210149	214419	204701	205033	203223	211825	212592	203496	204839
82.43	204456	211242	212935	203462	203230	204965	207938	203379	202449	203017
82.43	206536	210811	214470	205845	205098	204393	211654	211150	204479	203612
82.43	204642	209094	214976	203678	204178	204809	211619	212979	204862	204093
82.43	205053	210912	214872	205162	204437	203530	203321	214201	205686	204911
82.43	205398	211966	215757	203936	203589	204625	212457	214967	205310	205654
82.43	203834	211365	213983	203287	203471	203216	212613	214965	204880	203851
82.43	205152	210883	212673	203867	204336	202852	203603	212717	203011	203977
82.43	203383	210312	212773	203441	203029	205617	212553	213633	204629	204496
82.43	203731	210563	213398	204166	204526	203600	211377	212583	203621	204266
82.43	204485	209330	213768	205332	204166	204756	212975	214849	204078	205065
82.43	203801	210625	215620	203347	203939	203398	211948	214142	203338	204361
82.43	203880	211920	214719	203627	205019	203835	210568	212257	203086	202220
82.43	205133	211366	213157	204577	203332	203831	209062	211219	204030	203484
82.43	204815	211968	214575	204614	203578	205105	214102	216104	204508	205282
82.43	203792	209499	216126	204821	203734	202692	210157	215565	205006	202756
82.43	203510	211312	215741	204193	203183	205511	211827	214823	205660	204267
82.43	204366	210825	214270	204232	202738	204215	211814	214074	203471	205043
82.43	205751	210389	215343	205651	204866	203095	208458	210667	203803	203064
82.43	205949	209481	213305	204203	205182	205084	209163	209655	203887	202763
82.43	206213	210086	213177	204088	204200	205359	210605	212893	204438	203999
82.43	206326	209512	212600	203748	204698	203788	209086	211171	204606	204475
82.43	203701	210364	211578	203956	203627	204505	210729	213651	206237	203774
82.43	204342	209533	214738	204108	203657	205069	211629	213685	204829	203783
82.43	204473	209115	213960	204939	203642	202235	203207	213150	203929	202506
82.43	206403	211023	215615	206003	206241	204795	213343	215973	205665	204353
82.43	204151	213277	217238	205874	204341	203932	212977	218129	206393	203306
82.43	205626	213207	219217	205396	204307	203920	211132	204069	201689	203288
82.43	204961	210847	216469	205097	204930	205683	213832	216826	204161	204360
82.43	203878	214124	220625	204718	205708	204741	213677	217880	205053	204717
82.43	204225	213965	214689	203921	204135	204682	212007	203835	201948	204133
82.43	203809	212059	212221	205218	204579	203769	211758	218504	204325	203588
82.43	203481	210071	216709	204196	205043	205201	213150	219294	205276	204973
82.43	205471	212125	215054	205727	204661	204911	210458	216931	203583	203862
82.43	203997	213294	214998	203985	203418	204688	213336	219250	205369	204402
82.43	203505	211248	214760	204753	203032	204023	212416	217016	204160	203280
82.43	204731	212339	216502	204103	204385	203278	211717	215492	203632	203336
82.43	204676	212004	216863	204814	204411	204750	211987	215952	204980	203546
82.43	205339	211907	215934	204702	205443	203861	212797	217485	204482	204238
82.43	204093	211518	214763	202998	202551	203762	213039	219883	204147	203991
82.43	203407	211445	214865	203338	202237	203245	213665	215405	205131	204381
82.43	204998	214109	216209	203734	204929	204295	210634	202968	200807	200934
82.43	203773	211641	216758	204066	203287	205255	215896	216848	204107	205079
82.43	203647	211819	215742	204307	203597	202913	213169	216211	204362	204381
82.43	204259	211791	215723	203671	204640	212088	207856	215401	204042	203216
82.43	204173	213624	213212	204792	204094	205382	213352	215684	204515	204882
82.43	202921	210588	211832	203707	202692	203961	211793	215100	204537	203777
82.43	205488	212712	216560	204513	203912	204380	214202	216481	205170	202487
82.43	203186	212632	214718	204626	204680	204323	212647	216457	205685	203968
82.43	202959	211841	213244	203195	203510	202521	212818	204063	202561	203993
82.43	205600	210934	216749	203914	204252	203177	213577	216345	204088	202835
82.43	204519	212292	217116	205118	204520	203523	202973	212921	203922	204583
82.43	203597	212191	215121	202518	202342	203785	210366	215322	204344	203818
82.43	205215	210892	214796	203859	202634	202174	202864	212702	203767	203309
82.43	204284	212279	214070	204194	203905	205062	213698	216502	205150	203722
82.44	205242	209548	214295	205903	204162	204593	211878	204579	201375	204187
82.44	203841	211136	213493	204364	203455	204263	210207	202611	201742	203605
82.44	203481	211676	215777	204430	204243	203847	203179	213152	204857	204308
82.44	204332	213864	216393	205338	204502	203907	212109	215842	205477	204892
82.44	204055	211618	213938	204659	203997	205158	212290	214874	205198	203142
82.44	203783	212381	214149	203040	204110	203804	214587	217801	204441	204130
82.44	206324	211576	214454	204460	203210	205488	214992	221963	203822	204748
82.44	203974	210985	212033	204173	204051	204354	212917	216046	202884	202971
82.44	206398	213469	215174	205653	204408	204126	215041	216212	205263	205105
82.44	204524	213562	215986	204793	204296	203112	213598	216370	205188	204607
82.44	204439	212177	215570	204896	203850	203735	210320	217663	205242	204644
82.44	204599	213898	215799	204036	205144	202174	203412	214049	203734	203841
82.44	205129	214695	217883	205057	204250	203538	211924	217614	204558	203331
82.44	205683	210400	212672	205338	203078	203539	211247	215615	203970	203595
82.44	204576	210148	215620	204804	203796	203519	214252	214580	204306	204093
82.44	204734	210875	216450	204945	204267	204106	212298	217133	205371	203990
82.44	203722	208871	213791	204824	202913	205454	210160	213115	203894	203722
82.44	204781	209146	214602	204354	204248	203308	211199	213036	204735	204148
82.44	204693	209232	212889	205036	203389	203882	210775	212124	204370	204157
82.44	203996	211293	215975	204986	203342	202940	202891	212656	203214	203077
82.44	203765	209117	217657	204429	204349	203253	214667	216629	204751	204316
82.44	204854	212549	212424	205658	204924	204263	212284	214798	203426	203989
82.44	204699	210174	214631	205469	204072	203649	210479	215170	205114	203336
82.44	204075	209692	213430	204336	203376	205508	212896	215330	204190	203349
82.44	204424	211912	213832	204525	203414	205142	214391	214727	204771	204657
82.44	205221	212074	216981	203981	203826	203836	212876	216076	205095	203904
82.44	204661	211434	215807	204349	204591	204797	212569	215965	206006	204028
82.44	204315	210875	213385	204423	204435	203134	202222	202088	201798	203596
82.44	208329	212205	216368	204427	203171	205471	216717	222013	207104	206513
82.44	208295	213935	216799	206026	203684	216840	216323	204644	202875	203576
82.44	205375	214161	216893	205760	205275	206733	216213	216441	206292	204378
82.44	203857	211009	216840	207788	203934	202567	205292	217998	221153	208061
82.44	205471	215133	215230	204406	203599	204878	214498	218933	205646	204498
82.44	205384	212002	217216	202823	203052	204592	216218	217609	205843	204714
82.44	205401	213373	215050	204422	205261	203414	203563	216231	205455	203822
82.44	204536	212346	214534	203854	204552	204760	212863	217141	206044	202739
82.44	205262	214261	215372	203657	202338	205741	214357	217035	206264	204387
82.44	205636	213974	212665	204730	204984	204530	214805	218350	205421	206898
82.44	204229	211149	213226	204314	204059	204889	214438	217878	205809	204578
82.44	204025	215204	216303	203566	205836	204258	214600	215809	204540	202876
82.44	204190	213643	215922	205173	204935	204215	215424	216684	204635	204984
82.44	204814	211351	216304	205785	205872	205081	212619	215679	206201	202963
82.44	205342	213982	213203	206080	204794	205797	214421	219253	206128	204576
82.44	206362	212630	214164	206440	204271	205445	212196	218408	205354	204361
82.44	204711	213385	216228	203705	204525	204639	212823	216987	205326	203574
82.44	205679	211817	214962	204706	203651	217790	206747	213338	205012	204155
82.44	204805	213389	217670	206663	204182	205265	214635	220183	205974	205232
82.44	205557	213431	216170	205413	204392	202983	203970	220112	203395	203904
82.44	204309	214802	218134	204364	204709	203719	212803	204298	201597	203339
82.44	205971	213299	217704	205050	204104	205857	214878	219530	206127	204389
82.44	203920	213308	217233	204456	204694	203738	212634	211260	211305	206003
82.44	204062	212537	214691	205076	204485	204831	215446	218797	206085	204170
82.44	204398	214876	215227	205272	204792	203650	215555	221027	205172	203884
82.44	204857	217210	215628	204797	204567	204823	214148	218026	205089	203396
82.44	204233	213738	217056	206169	204532	204386	216728	218030	203775	203627
82.44	205684	211177	220153	206524	204843	218169	207412	215962	205683	204257
82.44	205630	217104	220575	205319	205766	204110	218566	204281	201602	203249
82.44	203694	215179	217972	204465	203285	203980	214308	219373	204786	205511
82.44	205060	216524	221051	204207	203519	203843	216835	219561	205313	203919
82.44	204918	212411	215633	208218	203955	205439	216882	207273	223347	205762
82.45	205447	214485	217892	205109	205281	202657	201104	201439	201282	203501
82.45	203887	216985	219918	206017	206892	204804	214934	217709	204729	203451
82.45	204407	216625	217906	204322	204736	203712	204936	216989	204473	204034
82.45	205453	215221	216123	205206	204454	204899	214691	217327	205031	203459
82.45	204399	212414	218236	204691	203273	202680	203551	218359	204034	204194
82.45	204426	209471	215382	203854	203784	204804	214578	218032	205494	204791
82.45	203989	213485	216631	205014	205236	203705	210115	204457	201023	203979
82.45	205426	213247	217159	205145	204526	203933	211634	217381	204084	204956
82.45	204565	211995	216091	204943	204017	203897	213935	218019	203094	204991
82.45	203820	210496	212838	204238	203005	203487	217664	219615	204791	202869
82.45	204182	213409	217535	204630	205223	205059	214317	216797	204203	205323
82.45	204617	211893	214925	204156	203816	204326	211308	216214	203895	203894
82.45	204654	212795	213791	205068	203752	203835	214177	218497	203931	203168
82.45	205091	213428	218674	204930	204779	204157	211245	205884	202446	203009
82.45	204736	211960	215085	203892	204731	204439	212781	217174	205504	203624
82.45	205676	213352	218055	207057	206177	204203	214462	219177	204928	203292
82.45	203591	214208	215961	204922	203981	204504	213802	218831	203970	203625
82.45	204554	211628	215735	204502	204360	202827	203021	214262	203805	203083
82.45	202558	214517	218494	205403	204728	205016	215420	218415	204645	204321
82.45	203729	214413	219153	204546	203572	203718	211400	204569	202329	203104
82.45	204282	212644	218860	204971	203553	203985	215693	219786	204450	203971
82.45	204927	213026	217459	206548	204053	204578	213745	217497	204863	204027
82.45	205068	211890	214562	204344	203178	204705	216539	219301	205183	204676
82.45	204654	212151	214011	205110	205307	204072	214416	215395	205683	204839
82.45	204740	213398	217433	204672	204847	205292	216189	220599	205619	204288
82.45	203537	211994	217614	204229	203215	202784	213364	203853	201794	204699
82.45	204827	216417	217507	204059	205913	203460	214471	218669	206335	203179
82.45	205536	216380	216894	205292	205467	202993	214095	203138	202134	203614
82.45	204913	214584	221033	204573	205493	203486	215381	221039	203800	203469
82.45	202853	212933	214829	203222	204376	205292	216166	218824	203816	202814
82.45	204823	211027	215131	204449	203581	205332	213047	220506	205899	203970
82.45	204160	215591	216920	203885	205366	203821	213575	204248	200493	203491
82.45	204936	213419	217880	203791	203670	205666	211539	216495	204742	203899
82.45	202962	212665	216338	203469	202025	202720	212873	204101	201675	203548
82.45	205225	210678	213436	205079	203359	205265	215205	218375	204696	204354
82.45	204795	213607	215405	204718	203292	203564	211668	204910	201836	202547
82.45	203571	209719	214005	203555	203348	204335	213089	215496	205599	204256
82.45	203505	211340	212085	203895	205599	204596	211367	214083	203546	204584
82.45	204587	210940	214577	204181	203616	205118	212085	217165	205872	203735
82.45	206740	212770	216423	205531	204594	203864	213150	217561	203626	204582
82.45	202668	212881	214521	201957	203611	205314	214008	219759	204734	204425
82.45	204322	213135	214513	204199	205594	204747	213160	216214	205063	203443
82.45	205208	211539	216231	205149	205170	204354	213138	215271	204681	204159
82.45	204666	211997	214624	204963	204625	202535	203621	213341	204236	203698
82.45	204283	211845	211954	205094	203655	205328	213287	219043	205745	203608
82.45	204640	213563	214829	204442	203959	204548	213989	218856	204477	204219
82.45	203838	211450	214788	204958	204052	204552	214971	215860	204958	204817
82.45	204604	211513	213530	204634	205784	204344	210934	203776	202138	203723
82.45	204830	210719	213327	205606	203988	204869	210996	204014	202176	205059
82.45	204707	211087	212948	203655	203896	204043	212328	214329	204399	204788
82.45	204514	211994	215370	204900	204688	203845	216006	218072	204343	204550
82.45	206015	213352	215341	204698	204822	203361	202949	216736	203521	203172
82.45	205608	214409	215601	204110	204020	204190	213241	204230	201464	204186
82.45	205317	214478	218537	203003	203849	202757	215473	219144	205307	204358
82.45	205510	211584	216380	204768	204688	203250	204912	216380	205583	203680
82.45	204836	210837	214704	204175	204543	204652	203023	215321	204565	204479
82.45	204292	213317	217262	204334	204559	202603	202867	219482	203309	203931
82.45	204127	213795	218501	204336	205765	211637	207479	203217	202609	203259
82.45	204054	212598	215843	205470	203236	204196	212790	216148	207332	202849
82.45	204927	212254	216143	204843	204726	203646	212514	218620	205278	203782
82.46	205254	213633	218848	205264	203734	203791	212431	220203	204029	203782
82.46	204716	210903	214357	205378	203362	204525	215909	218161	204361	203629
82.46	205045	213545	218454	206442	204654	204342	210578	218001	204476	203312
82.46	204402	213053	214943	204309	204340	205555	214205	215888	203763	203977
82.46	202542	211383	216741	202839	201502	204137	215037	221415	204706	204394
82.46	205166	211875	220284	203885	204651	205371	216271	218112	206692	204457
82.46	204905	212701	214846	204235	204650	203213	210466	204095	202786	203872
82.46	202893	211207	214980	202208	202365	203738	213428	220092	205470	204274
82.46	205383	214400	218040	204353	204605	203704	203184	217869	204456	203043
82.46	204545	213203	216289	204920	203389	204635	214337	220267	203887	203864
82.46	205762	216018	216034	206023	205292	203760	203204	217728	204413	203352
82.46	202883	213101	215893	201882	202837	203228	212888	218542	204910	203646
82.46	205234	213271	218242	205034	202571	204438	215515	220571	204805	204540
82.46	205030	214099	216297	205164	205243	203608	212470	203869	202025	202430
82.46	203534	213959	219755	203941	205450	203114	203045	218105	203624	203371
82.46	204484	213581	218373	205331	204211	204901	214792	218112	206274	204637
82.46	204516	213987	216670	204766	203026	203909	213112	204045	201077	202839
82.46	204653	218813	218565	204042	204130	202118	217082	217228	203851	203113
82.46	205407	216561	217525	204408	204757	204783	216036	224176	204382	204765
82.46	204305	213494	217648	204914	204060	209087	207301	202702	202247	203099
82.46	204101	214862	216170	204623	205149	204330	212498	215341	204957	204371
82.46	203287	213743	214822	202909	203139	202899	212620	203654	202471	203650
82.46	204429	213684	219645	204125	203111	205318	213864	217812	205076	203585
82.46	204004	210577	215760	205468	205663	203943	202638	216361	203349	204415
82.46	205583	213129	216822	204921	204256	203886	203379	216644	203439	203651
82.46	204397	212723	216526	203781	204641	203710	215185	218745	204034	202811
82.46	203669	214535	217575	204752	204327	202906	217593	218615	204238	203935
82.46	205203	215431	218221	204042	203819	203725	218045	219680	204397	204192
82.46	203312	213563	217492	204612	203185	204407	214792	220584	203957	203934
82.46	203084	214116	214563	202885	203212	204521	214277	217098	204958	203303
82.46	204502	214703	216501	205846	204546	205520	214530	219421	203453	202776
82.46	204949	214904	216353	205846	204891	203683	215378	218777	204986	203667
82.46	205326	212585	218221	205478	203679	204528	213806	220585	204870	204934
82.46	204704	213313	216448	205232	204840	204975	216014	222095	203846	205247
82.46	203519	214336	218972	203912	202193	204320	213570	202411	202336	203344
82.46	206247	214243	216123	205016	205207	203610	213030	218334	204345	204723
82.46	205033	213773	217916	204949	205438	203031	214212	220884	204676	204910
82.46	204620	213037	216391	202996	202415	204752	213061	220491	202945	204254
82.46	204777	217294	218519	204521	204006	203987	216597	223066	204650	204221
82.46	205025	215984	220875	204462	204161	204760	215369	218690	203369	204439
82.46	203281	215896	218648	203986	202847	203647	213397	218655	204622	204617
82.46	203441	212180	215038	204801	203531	203882	201219	200773	200620	202494
82.46	204206	208872	215640	204111	204497	203869	213213	217212	205548	204609
82.46	204434	212471	216096	204988	203617	203149	214249	218772	202962	204100
82.46	204133	212653	216306	205478	205133	203587	211351	202905	202384	203122
82.46	204158	212787	216306	204731	204477	203865	214047	214348	203983	204022
82.46	204456	212328	215139	204776	205389	204218	212778	204421	203156	203975
82.46	204772	211790	215287	206006	204257	204570	212550	218155	204167	204515
82.46	201993	212891	213916	202318	205222	202650	212737	218999	203514	204013
82.46	203567	211784	212898	203887	203629	202988	202400	215764	203507	204732
82.46	205126	212382	214278	203669	203825	203703	214514	218236	204958	204540
82.46	203259	210665	216052	203813	205333	203658	203215	217042	204318	204071
82.46	203395	211651	215171	202762	203145	203251	213215	216423	205585	203614
82.46	204500	211755	214577	205384	203497	204333	212585	205024	201268	203274
82.46	203864	213019	216309	204895	204704	204194	214240	214531	204107	204021
82.46	203409	211245	212715	202462	203379	204484	213608	217593	203541	203528
82.46	204062	213193	216096	203398	202990	202441	203803	214695	203692	203382
82.46	203561	212167	216645	204600	203949	203231	204123	216069	205034	203700
82.46	203889	209480	214899	203623	203461	204084	210879	215014	205006	203748
82.46	203219	210450	213910	204645	204692	203281	212479	217518	204120	203679
82.47	203422	210641	215994	203492	203161	204444	211391	203109	202092	204239
82.47	206151	211856	217870	205410	204765	204008	214133	219592	204074	203281
82.47	204481	212238	213552	205109	204444	203672	210562	216131	205035	203647
82.47	205084	211498	214594	204958	204730	204120	215416	217728	206071	204532
82.47	204375	211728	217418	204907	204368	203349	213316	216568	203058	202680
82.47	203857	211926	214278	204444	204395	203305	212361	213905	210383	204726
82.47	204298	211380	214558	204550	204681	203734	202591	215269	203563	204874
82.47	204604	209670	214655	203436	203118	202581	211146	214450	204875	203130
82.47	204456	212516	215478	205091	204468	202818	212728	203305	200961	203086
82.47	203869	211205	214432	203565	204530	205318	211088	202787	202087	203769
82.47	203913	212938	215219	204979	204354	203718	214125	217053	205704	204180
82.47	204605	214082	213564	203589	205047	204562	202955	216376	204944	205432
82.47	204087	214055	216632	203990	203633	203109	201782	201432	201902	203491
82.47	204879	215182	217437	203910	203545	204727	214340	220252	204170	204997
82.47	204736	212448	214178	204936	204585	204552	211844	216876	203879	204906
82.47	203809	213369	212488	203667	205121	204021	210940	216532	204186	203463
82.47	204096	212444	214875	206307	205099	203905	214174	218200	203929	204533
82.47	206095	213665	215866	203580	205485	202518	212916	215906	203075	203871
82.47	202863	212361	215581	204202	204373	204433	212744	212629	203731	203213
82.47	204083	212723	214884	204488	203349	204599	215565	217145	204272	203899
82.47	204843	210885	214956	203949	204297	204304	214106	217430	204653	204113
82.47	204116	211048	216476	205011	203401	204526	214473	217190	203397	204582
82.47	204836	213728	216584	204464	204846	203565	212078	204798	202896	204485
82.47	203658	212475	217533	204980	204800	203846	202895	214486	203394	204593
82.47	204017	211347	214259	203980	203441	204532	212764	217311	204883	204824
82.47	203504	214028	216026	204555	205166	203281	203555	215496	204166	204527
82.47	202921	210668	214012	202974	202569	202449	201049	201425	200927	204377
82.47	203815	211998	213375	204651	204915	204268	212811	215296	204925	203658
82.47	205117	212265	213376	203689	204725	205162	213041	215711	205061	204673
82.47	204148	211454	217844	204736	204646	204497	216259	218259	206623	205355
82.47	204660	212307	215158	204457	203892	205608	213097	215784	205452	204648
82.47	204909	212682	214734	204594	205696	204050	209897	203156	201242	203855
82.47	204108	212283	214391	204131	204060	204374	209289	214338	203814	202921
82.47	202260	209947	213541	203779	203173	203644	214314	218487	204328	203745
82.47	205157	213602	215880	204291	203887	202010	201072	200955	201406	201311
82.47	204496	211846	216230	203806	204619	204070	212182	216996	203801	202819
82.47	205305	212532	216138	204047	203810	205481	211862	216668	205021	204430
82.47	204254	210681	213467	204594	204353	204951	214151	215621	204023	204017
82.47	205562	211960	216904	204528	205045	205996	213848	217681	206102	203656
82.47	204281	210254	211956	204337	204917	203850	211042	203680	202660	204013
82.47	204549	211223	213376	204674	204034	203008	212157	214975	204476	203605
82.47	203512	211799	213317	202831	203575	204166	210332	215445	204576	204307
82.47	205060	212185	213367	204733	203565	204548	210032	214009	204196	203828
82.47	204288	211145	211997	204650	203760	204156	209080	214828	203968	202906
82.47	204013	210900	211110	203652	203644	202496	203569	212241	203505	204527
82.47	204715	209595	211463	204393	204421	205954	212191	213150	205012	203775
82.47	202804	209309	213197	202204	202577	204218	210489	203467	201651	202921
82.47	202972	210688	213330	205614	203817	203505	210589	204215	202091	203734
82.47	203059	209126	214055	204837	203974	204112	212035	214177	205327	203616
82.47	205090	210038	213642	205301	206130	205483	211728	215241	205013	204733
82.47	204188	210182	211918	205091	204825	205388	210294	213754	203746	203397
82.47	204338	209617	212816	202742	204268	205008	213908	214381	204370	204527
82.47	203474	208803	210693	203982	203522	204959	208591	214065	204514	203060
82.47	204304	209528	212439	204898	204198	204373	208404	214238	206029	203513
82.47	205103	210947	213999	205340	204425	203100	203975	213550	205363	203812
82.47	205687	212610	212573	204944	205271	203604	212936	216071	204922	203284
82.47	203197	209775	214153	204061	203082	202872	209212	214353	203649	202967
82.47	202856	209029	212454	203072	203659	205100	214862	217450	206016	204167
82.47	204022	211959	211651	204920	203442	204650	212860	216040	203923	204541
82.47	204457	210512	215784	203838	203434	203826	210818	214864	204291	203954
82.48	204039	209927	214823	204380	204628	206156	210334	216136	203965	204678
82.48	203777	209003	213947	202713	203142	203576	211181	212543	204853	204149
82.48	204315	209146	214216	204839	204661	204751	209588	216866	205566	203987
82.48	203743	209920	214222	202897	204300	202752	211338	215979	203523	204358
82.48	203110	210936	212383	203477	204423	205582	212531	216160	204450	204463
82.48	203415	211174	213115	203465	203610	203548	210921	215117	203756	202344
82.48	203857	211503	214033	203186	204028	204028	211511	215331	205234	204627
82.48	204156	211247	214900	204910	204922	204146	211017	215485	205068	203120
82.48	204748	210204	214765	206354	203736	202068	211135	216054	204227	202725
82.48	203151	211234	212411	203925	204454	203382	201500	202421	201562	203870
82.48	203477	211714	214005	204429	204150	204888	209861	214650	203856	204219
82.48	203871	209203	214838	203436	203172	203792	212079	216697	203135	203321
82.48	205063	210882	213415	204278	204598	203571	212204	216900	204950	203752
82.48	206135	213252	214916	204492	204424	203983	212739	214577	205781	203992
82.48	204160	210009	212659	205382	204595	204430	210908	214248	204402	204050
82.48	204286	210797	212577	203766	203972	204166	211576	215563	203804	203286
82.48	204361	211682	212824	203803	203287	203475	213387	216766	204893	203916
82.48	203526	210406	217024	204140	203609	205280	212200	214382	203815	204016
82.48	205515	212389	214153	203808	202944	205082	210667	213393	203922	203550
82.48	202806	210380	214177	203087	202845	202356	212397	216043	203521	203016
82.48	204525	210734	213104	203527	204362	205033	210956	215768	203191	203570
82.48	205863	213710	212856	205277	205072	202541	210081	213666	203707	203010
82.48	203911	209002	212469	203771	204021	204334	211160	214656	204646	204082
82.48	203683	209996	214848	204097	205318	203070	210740	212128	205092	204411
82.48	204742	210751	210401	204175	203391	203026	200530	201959	201051	203436
82.48	204528	210219	214546	205559	203775	203755	210690	212757	204717	203633
82.48	204637	210452	214272	205509	205102	203569	209236	203388	201526	204192
82.48	203706	212569	215220	203616	204909	204465	214393	217226	204119	205449
82.48	204110	211796	213312	203170	203947	203762	212500	212271	203989	204187
82.48	203871	208776	212866	203866	203605	204146	210503	214874	204956	203897
82.48	204922	210775	212506	203202	204725	203790	209246	211452	203864	203653
82.48	203056	210686	212816	203244	202971	204401	210605	213788	203404	204277
82.48	203967	210264	210892	202947	204613	204094	210582	211519	204687	202844
82.48	204428	210858	214515	203983	204115	205713	210767	214667	203758	203086
82.48	203654	209955	211331	204317	203885	204769	211467	213959	204214	204579
82.48	204026	211744	211787	202706	204648	205224	211447	214134	204308	203735
82.48	204128	211687	215323	203389	205145	204236	211123	216003	203748	203975
82.48	204729	209485	209050	203448	202447	215088	211590	203500	201458	203653
82.48	204594	213644	215659	205053	204747	203948	212229	215520	202125	203759
82.48	204149	212477	213083	204147	205698	204709	211322	215351	204609	205148
82.48	205158	212985	213002	203062	204114	203891	210785	215973	205493	204755
82.48	205137	209475	213568	204283	204161	203925	212637	214137	203995	204598
82.48	203106	209295	212997	203422	203355	204067	207851	203121	201440	202851
82.48	203110	209368	211861	203751	203240	202235	207514	202295	200472	201799
82.48	202632	211055	213792	205368	203327	203571	211745	212136	204703	205054
82.48	204782	210542	214076	204043	204380	204398	212945	214932	204380	204493
82.48	202907	211259	212119	204098	204468	205310	209962	215098	203037	203018
82.48	204541	209922	215555	204233	204766	203824	210192	213323	204133	205072
82.48	203911	209951	211159	203923	205482	204022	209494	211730	204065	204026
82.48	204320	208838	213421	204350	204511	204777	209525	211404	205146	203666
82.48	204928	209666	212400	203704	204736	203372	210841	211991	204976	203422
82.48	204475	211264	213353	203139	203514	203736	209026	213526	202226	202690
82.48	204913	210462	210719	203658	203624	205276	210294	210865	204628	204114
82.48	204000	210027	212823	204849	203757	202512	211477	215073	203239	204172
82.48	204101	209884	212822	204707	203441	204620	210830	215538	204954	203087
82.48	204652	211201	214896	203243	204352	203534	212198	215245	205572	203616
82.48	206071	209556	212471	204133	204172	201522	202616	211482	203041	203482
82.48	203439	210251	213071	202573	203762	204964	212005	213763	204939	204478
82.48	204025	209405	212468	204311	204417	204871	210756	212610	204377	202823
82.48	204669	210750	212540	203801	205093	204639	211462	216033	203569	203080
82.49	203554	211781	213204	204560	203760	204822	212928	214370	204472	203655
82.49	205343	211186	210327	203819	203882	204203	212926	216042	203718	203003
82.49	204303	210506	214080	202768	204329	203573	203156	212304	204931	204705
82.49	204546	211676	213998	203484	203182	204480	212113	215428	204298	203633
82.49	204100	213161	214518	204372	204044	204113	212130	216635	204506	203334
82.49	203602	212551	214356	203552	204766	203526	212287	215023	203929	203665
82.49	204844	211903	214508	204940	204063	203601	203114	214412	203485	204217
82.49	203534	210802	213668	204254	203789	203495	211996	215549	205236	202866
82.49	203827	210625	213637	203688	203514	204672	216218	216254	204262	204944
82.49	203215	213760	212707	204577	203372	204007	214003	217019	205113	203106
82.49	203099	209445	213405	201637	202417	204503	211541	215440	204361	204036
82.49	203303	209363	211671	204965	204816	204907	211738	212233	203804	204600
82.49	203671	210287	212202	203894	204592	204759	211086	213299	203781	203540
82.49	203070	210641	211602	203235	203934	204223	213580	214845	203522	203579
82.49	203293	210887	212120	203369	203520	204004	212609	217027	204489	203923
82.49	203766	209109	212977	203021	203127	203092	213043	215002	204210	203814
82.49	204675	210406	211072	204711	203518	203737	209093	214715	204856	203453
82.49	204320	214220	213520	203513	204876	203928	201814	212509	202277	203317
82.49	203972	209617	213080	203835	203575	204864	209910	215108	204455	203759
82.49	206401	209770	213462	203491	203826	204468	211717	214914	205175	202494
82.49	203355	211075	215544	203737	203065	202727	204581	210547	202869	203548
82.49	204677	209282	211706	203546	204126	205163	211871	214101	204379	204450
82.49	203365	211034	211776	202557	202445	203847	210867	214313	204070	205529
82.49	203664	210866	211418	204421	205033	204176	210427	213703	203868	203460
82.49	204456	209195	212087	204384	202983	206332	211780	213242	204170	204223
82.49	203549	210532	210544	205334	204179	203699	209974	212447	203576	203542
82.49	205644	211143	212653	204282	204655	204860	209956	211654	203912	204354
82.49	204603	208919	211236	204897	204390	204064	209534	212919	203956	204055
82.49	206694	210066	213054	206415	204349	203826	208168	212579	203723	203116
82.49	204381	211121	214306	204684	203481	203061	211170	213967	204570	204060
82.49	203992	210352	212712	204226	204133	203731	202231	209005	204299	204245
82.49	204808	210768	211185	203116	203737	203857	201480	201475	201559	204703
82.49	203295	211103	214501	203966	204087	203424	209343	204549	201929	202612
82.49	204740	210421	215323	203653	205441	203592	202187	213353	203022	203930
82.49	204482	210915	214029	205592	205034	203935	211129	214804	204056	203171
82.49	203597	208780	213212	203836	203210	203156	211308	212799	202959	203666
82.49	205046	210970	214537	204934	203843	205239	212449	215221	204595	204732
82.49	201482	208819	211756	203060	201598	203938	202016	214350	203994	204337
82.49	204656	210974	212451	205570	203068	203192	211692	216486	204618	203441
82.49	203961	213116	215571	204467	205439	204812	211917	216524	204449	245581
82.49	205249	211855	212773	204342	205049	205559	211170	214523	204507	202757
82.49	203408	211486	216041	205125	204335	203924	212146	217895	204717	203141
82.49	204829	209784	215349	203389	203854	203864	212849	219284	204040	205097
82.49	203720	211756	213460	203014	205178	203411	212890	203816	201233	202763
82.49	204392	211592	214766	203859	204724	204602	215777	216133	204950	203723
82.49	204346	211108	214228	202668	203719	205099	209868	212455	203350	203540
82.49	203710	209355	214290	203797	203748	204570	212203	215075	203270	203521
82.49	202722	210233	214807	203844	203498	204322	211840	214091	203838	203102
82.49	205584	209299	213571	203607	204064	204723	211656	216228	203315	203915
82.49	203698	210761	213060	203707	203972	204547	211588	217271	204515	204845
82.49	203028	213781	215290	204613	204290	213193	206264	213303	203826	204935
82.49	203224	209749	213862	203507	205203	203727	210305	214834	203201	203560
82.49	204497	211209	210454	203916	205436	203958	212701	216071	203489	203733
82.49	205197	210428	214755	204649	203827	207985	202887	208331	202959	203616
82.49	206162	211856	211426	205410	205026	203621	211975	214921	203709	203290
82.49	204609	212508	214613	203807	203800	203386	209192	203196	201767	204114
82.49	203467	209958	212606	202278	202617	204063	210500	213494	204358	203242
82.49	204787	209109	214144	202964	203291	203896	213286	216623	204780	203246
82.49	203165	212123	214400	204008	205360	204205	213446	217286	204015	203285
82.49	204257	211372	213584	201558	204858	204122	213584	216072	203026	204234
82.5	204216	211141	214277	202791	204346	202516	203319	215065	202298	204370
82.5	204756	213712	216198	203512	205743	204918	212328	216275	205057	203651
82.5	202326	210127	215745	202657	202869	203649	213164	216340	203543	203109
82.5	202895	213879	213515	203548	203477	202758	211975	213920	204309	204838
82.5	205236	212597	213082	203999	204680	204086	210529	212889	203495	203945
82.5	203210	209586	213755	203193	204175	202991	210022	212853	202889	203254
82.5	203705	212872	212069	204296	204473	204059	210540	218139	204013	202174
82.5	203728	210998	214296	204057	203315	204143	212381	217275	202811	204776
82.5	204115	211068	213112	203236	204206	204154	202852	211117	203020	203361
82.5	204691	210590	213399	204315	203734	204214	211939	213693	203063	204387
82.5	203507	213653	213823	203565	205795	204268	202404	213356	202389	203177
82.5	203620	209509	214694	203262	204450	203479	213716	216194	203842	203793
82.5	204192	212293	211796	203597	204581	203514	211058	214657	202296	202588
82.5	204004	210658	213071	204435	204013	204022	210998	213778	205207	204117
82.5	203527	209561	210736	203537	203716	204081	212316	212226	202554	203863
82.5	204393	211144	212803	204896	204810	203299	210319	216767	203913	203831
82.5	204419	210679	213664	203449	203769	202973	212646	214375	203199	204252
82.5	204909	209041	213557	203429	203877	203829	202959	211662	203234	204164
82.5	204697	210912	213955	203514	202716	202883	214132	214326	203145	203923
82.5	204033	212658	213795	204456	205549	203578	212475	214476	204124	203866
82.5	204318	212575	214174	203229	203167	203355	211863	214997	204791	203450
82.5	202905	208969	213842	203320	203405	203822	210747	213834	204658	203787
82.5	203923	211301	214309	204196	203692	204373	211621	216177	203465	203738
82.5	204969	210073	212144	203850	203604	203916	212442	216700	204153	205161
82.5	204399	211704	214223	203928	203894	202525	213323	214411	204474	202927
82.5	203489	212634	213470	202786	203912	203106	210516	214342	204088	205155
82.5	204599	211851	212968	203954	204645	203799	210957	216519	204439	203078
82.5	203334	211481	216407	201629	203215	205876	212083	214845	204277	203882
82.5	204735	209851	214599	204368	203851	204167	209317	214011	202638	203201
82.5	202870	213040	212809	204629	202451	203273	209219	216501	204044	202622
82.5	204296	210916	215851	203886	204264	204163	211787	216388	203725	203979
82.5	204930	212835	215014	205647	204319	205055	211376	214304	204593	204427
82.5	203242	212050	216970	203762	203487	203761	211180	213683	203343	203069
82.5	203281	211573	214640	203558	203409	202896	213419	214654	203926	203724
82.5	204247	213249	214408	204474	203116	204992	214964	216898	202824	203274
82.5	205380	212146	216048	204006	204154	203499	209364	213848	203151	202974
82.5	203632	211982	213291	203362	203501	203844	214212	217266	203235	204191
82.5	205031	213620	215615	204648	203238	204150	202094	211659	203251	204015
82.5	204080	211676	214063	203919	204315	202423	210080	203171	202110	204362
82.5	202887	211604	214353	203145	204458	203140	213106	213850	203322	203558
82.5	203459	209239	212080	204013	202477	204144	213818	215231	202963	202760
82.5	203297	213815	215417	205202	203959	204687	211547	215433	204549	204912
82.5	203749	211230	214646	202943	202790	203705	211904	218715	203937	202309
82.5	203693	212791	215370	203808	203115	202992	211356	217664	202827	202889
82.5	203288	212423	211607	203490	203536	203846	211374	214760	203152	203095
82.5	203332	211995	213000	202698	204312	204761	213619	214278	203946	204413
82.5	203659	211101	213238	204102	204592	204955	211072	214998	203011	203941
82.5	204761	211121	214276	204665	203912	204027	212260	217077	204059	203577
82.5	204182	210075	212636	204304	204661	203585	210557	216112	204194	202338
82.5	202667	210636	212997	202344	204083	203157	202746	214283	203019	203151
82.5	203418	211525	212849	204635	204156	202455	202460	211857	204413	202915
82.5	203700	210263	211392	202399	203434	203440	213391	214886	205126	203483
82.5	203847	212436	215883	203219	204917	202694	211939	214459	202465	203344
82.5	204681	211305	213183	202974	204230	203751	212707	213982	204008	203006
82.5	204372	210248	211982	204631	204446	204260	210188	213977	204202	204046
82.5	204863	209819	210549	203271	204001	203687	211509	214071	202689	204139
82.5	204947	210746	212052	204248	204603	203017	209684	202578	201436	203876
82.5	203454	212024	214460	202674	203755	204400	211201	213118	203311	203105
82.5	204806	209018	212818	204065	203903	204872	211244	214816	203482	204400
82.5	204512	210440	212741	203318	204174	203700	211422	215680	203645	203820
82.51	204074	212577	213484	202703	204389	204265	210481	212490	204408	204444
82.51	204506	209352	213190	203696	202508	204447	211516	215813	203587	202482
82.51	202988	209788	214893	203005	202095	204239	213600	217035	205075	204330
82.51	203644	211638	214758	205439	203828	203369	212248	216789	204598	204085
82.51	205037	208862	211813	203368	203141	204798	211882	217063	203491	203210
82.51	203639	211207	215142	204492	203696	205088	213215	216186	204099	203045
82.51	204645	211258	214821	204242	205049	203356	213072	216074	203927	203576
82.51	204297	212943	216936	204159	203612	203949	211236	213490	204060	202732
82.51	203787	212322	216823	203002	203851	202951	211988	216569	203837	203401
82.51	204092	213978	213838	203157	204801	202990	214150	218467	204126	203334
82.51	202876	212526	215052	204456	205309	204099	211874	217230	204211	204306
82.51	203964	212124	214333	203562	203535	203090	212924	216479	204060	202778
82.51	203159	213052	216206	204874	204315	202334	201878	212760	203896	203335
82.51	204821	214257	214846	203908	202455	204106	214631	217718	203225	202003
82.51	203685	209759	217091	205755	204118	202581	211537	203968	200761	203187
82.51	204380	211880	214262	203371	203446	205260	212540	216835	203839	203958
82.51	203288	210438	217073	202583	203134	204080	210759	216514	204109	203839
82.51	204463	209462	214979	203587	203935	203542	211922	216081	204586	204927
82.51	205039	212677	215600	203333	204265	203727	203490	215202	203073	203790
82.51	203811	215449	215276	203062	203846	205209	214698	217076	203188	203543
82.51	204295	214283	214470	205069	204380	202894	213653	218298	202680	204330
82.51	203607	209183	215783	203747	202520	203335	204005	214240	203507	204399
82.51	203221	210047	215065	204052	204450	204916	214768	216135	202968	204629
82.51	204030	211643	216383	203243	203491	204071	212727	215868	203993	203727
82.51	202983	212183	215191	204745	205698	202887	212866	217563	205180	203488
82.51	202840	209171	215007	203595	202459	205971	211044	215470	204985	203747
82.51	204666	209015	213987	202674	203683	203319	212519	213535	202078	204158
82.51	203452	210199	213080	204255	203867	203178	210840	216731	203026	204227
82.51	204822	211523	214322	203393	204486	203784	209963	214332	204246	202669
82.51	203585	209946	214446	203479	204934	204433	212542	215038	203391	203902
82.51	204159	210762	215389	204310	204979	204697	212474	213867	205101	204351
82.51	205183	209606	214736	202821	204332	204385	211582	215590	204293	204352
82.51	205368	209760	214852	204452	204076	204112	214448	215390	204495	203117
82.51	204700	212106	213453	203145	202542	202200	201011	212311	202283	202755
82.51	203098	211011	213622	203925	204452	203023	213062	212335	204007	204519
82.51	204054	214051	217096	206520	204598	205428	210590	216141	203904	203793
82.51	204689	212819	214385	203250	204022	204812	215853	220198	204016	203524
82.51	204466	212626	216473	203572	204652	204318	216084	218280	204282	203552
82.51	204525	216494	219904	204337	203835	203945	213517	220701	203525	203275
82.51	205077	211815	218181	204414	204312	203769	215681	216610	203795	203677
82.51	204293	215343	216475	203857	204228	203270	213359	220661	204991	204950
82.51	205104	213926	217439	203197	205627	203339	213615	216746	203765	204076
82.51	204596	214525	215631	204000	203716	203047	212398	215838	203771	203424
82.51	204525	214693	215010	205532	204951	204827	212561	214570	204249	205273
82.51	203631	209553	212318	203935	202929	204831	214302	217250	204037	204553
82.51	204164	212631	217284	204034	203962	203662	214761	216714	204278	205216
82.51	204640	212802	213309	202593	203835	204009	201400	203118	213950	205389
82.51	205402	211761	215885	205970	203127	204089	214730	216383	204305	204509
82.51	205209	213165	216873	205010	204715	204781	214123	219450	205273	203905
82.51	203395	212416	215683	203508	203772	204971	213584	217293	203921	203075
82.51	205571	211022	215422	204652	203371	203895	203225	214987	203589	204704
82.51	205048	212592	216275	204027	204576	203174	211431	215152	204842	203909
82.51	204503	211693	214647	204470	203055	204354	210325	215582	203487	204454
82.51	204887	210189	215192	203728	203915	204706	211184	215542	204348	203808
82.51	203522	211736	214923	202840	203460	203602	212207	213949	204845	204304
82.51	204569	212216	214830	203724	204485	204224	212783	215953	205247	202388
82.51	202528	212048	214265	202933	203089	203033	210455	216133	203685	203705
82.51	203844	211232	215308	204286	204133	204507	213051	216645	204220	203822
82.51	203714	211092	214633	204278	202959	203675	210651	213812	205060	205526
82.51	203729	209492	212535	204423	203714	202785	201807	214218	202906	202319
82.52	203049	210273	212437	204421	204294	203822	209499	213953	203200	204035
82.52	204795	212267	214239	204800	204713	205409	210646	219045	205022	203771
82.52	204601	210139	216074	204402	205274	203223	213949	215027	204005	202737
82.52	204928	209864	214241	203863	203796	203448	212447	217981	203665	203993
82.52	203517	210479	213407	204106	204264	203806	208906	203281	202247	203545
82.52	202930	212613	216501	204359	203773	202383	200766	200623	201523	203072
82.52	204318	214750	218588	205141	204322	204832	212599	217629	204551	204213
82.52	203953	212475	214525	203383	203746	203402	202065	212990	203596	203262
82.52	203498	210306	210112	203189	203671	204658	211174	217363	204931	204212
82.52	203304	210427	214900	203926	203407	204309	214526	216984	204191	204678
82.52	204927	214456	216530	204334	204669	204539	212501	216049	204300	204015
82.52	204108	212569	213670	203375	204549	203340	213997	219050	205186	202588
82.52	203279	212012	217008	202684	204297	203525	215678	218922	202172	204543
82.52	205246	212287	213189	205027	205165	204742	213366	215863	204679	204827
82.52	205533	213782	215316	203854	204406	203964	212441	216115	203535	203640
82.52	205354	210642	214376	203962	204482	203725	212948	216333	203840	203938
82.52	204154	214392	216715	204763	204637	204433	214307	214719	202578	203706
82.52	203815	212187	215206	203997	204494	205021	213084	217121	203501	204260
82.52	204000	212390	215791	205174	203676	202792	213628	218351	202485	204304
82.52	204731	211495	219398	204236	205403	203612	214619	217657	204331	204515
82.52	204691	213605	217844	203453	204482	203967	213416	219339	205180	204809
82.52	203504	212067	214054	205118	204177	203878	214796	218117	203050	203305
82.52	204725	212844	218021	204342	204755	204087	215686	216842	203919	203845
82.52	204604	212393	216340	205295	203122	203354	201477	201786	201989	203693
82.52	204269	214305	216397	203938	204042	203644	214981	219070	203765	204124
82.52	205246	213337	217237	204168	204266	203396	212646	203178	201326	202989
82.52	204995	212549	214974	204778	204579	207238	211803	215675	203819	204157
82.52	204870	213770	214915	203745	205110	203746	211835	218832	205447	203543
82.52	204109	212622	214574	203829	204479	204104	210673	202252	201439	204359
82.52	204208	212892	215229	204082	204500	204545	211809	213326	203374	203624
82.52	204385	209061	214615	204925	204718	203544	212247	216425	204533	203136
82.52	203694	211698	217132	205003	204528	203243	215331	220744	205718	204027
82.52	204699	212647	213939	204128	204775	204551	212778	214743	204385	203145
82.52	205671	213513	213590	204357	203238	203589	210844	203448	202152	203784
82.52	205370	211320	217568	204427	204847	204565	211628	216366	203817	203244
82.52	203384	211372	215087	203263	203533	205010	214657	217198	202922	204138
82.52	203845	211887	216801	203280	203349	204137	214778	220934	204352	203827
82.52	204275	214336	215952	204283	203623	203305	213356	215813	203545	203786
82.52	204975	213729	214477	204794	204421	203155	214226	216138	204573	203275
82.52	204347	210932	215505	204448	204327	203956	215018	216160	203100	204487
82.52	205074	211510	215971	204796	205564	202597	201856	213608	203282	203447
82.52	205982	212841	215725	205131	204975	204421	212402	215561	203135	203831
82.52	204748	210696	213415	203958	203907	203317	212691	214508	204043	204387
82.52	203355	211727	213174	204172	204957	204293	212978	216232	204510	203732
82.52	204884	209989	216844	203697	205956	203729	206470	212054	208230	205128
82.52	204926	211234	213715	204130	204187	205747	215372	216145	204503	204988
82.52	203006	212957	214403	203394	204830	204250	215578	217383	204054	204250
82.52	204942	214445	215552	202411	203658	203705	203474	215220	204382	202782
82.52	203450	210707	214009	203624	204168	203785	214116	215001	203905	203018
82.52	203495	211563	214769	203090	203778	204151	209282	203636	200820	203131
82.52	206081	209287	214384	203207	204637	202564	213120	203024	201785	203136
82.52	203976	211476	217323	203545	203374	203699	201453	201649	201262	202652
82.52	203976	211075	213072	205072	204205	203971	210862	213342	204314	204349
82.52	204515	209582	214533	203186	204066	203818	210724	213651	203731	204693
82.52	205552	209988	213328	204939	203845	204388	211642	215609	203198	203900
82.52	202945	210294	215462	204699	204036	204842	211040	215678	204103	204687
82.52	204183	211233	215146	204239	203911	205161	213167	216295	204147	204127
82.52	204409	210003	215463	204097	203619	204317	210356	215340	204180	204091
82.52	204164	210476	213435	204419	204565	203407	212297	216594	203702	203950
82.52	204631	212513	217204	203672	204522	204693	212549	218108	204146	204131
