0	477133	438682	473582	431581	417503	403323	399553	473905	434902	467555	432751	415944	399446	396827
0	469744	437176	466886	431953	417463	402269	398216	475600	437938	473300	433785	416902	400097	397234
0	474165	436155	480854	437028	418818	402460	398562	471593	437350	474618	428801	418306	400651	398993
0	472963	435314	474111	433441	418204	400835	399810	473026	436121	476138	431095	414800	398905	396827
0	474213	437714	480579	434790	414694	399626	397343	473671	439917	472021	432180	414278	399901	397522
0	471018	436740	472381	429933	412488	398538	397198	471036	436945	471361	426552	414135	399693	396181
0	470013	438254	472080	432668	417208	401329	398689	472677	437849	476998	432349	414985	400609	397990
0	475511	438773	472406	432824	414022	401417	398257	474116	437881	472287	436233	414573	400731	397887
0	467282	437401	469395	435564	418728	399764	397695	473603	436802	469415	433120	415232	401395	397910
0	470021	437971	471951	431403	411806	399201	398216	472134	437522	469068	430366	418008	400110	398986
0	473932	435806	480222	430409	413637	400848	397707	473399	435699	474062	431001	413929	399339	397088
0	473350	436811	474808	432419	418378	401441	398787	467875	437860	475395	430888	417434	401531	396863
0	469688	435135	467614	431532	417102	400323	397974	463988	437273	468966	427215	414286	401257	397848
0	468917	435172	475137	434270	415220	398629	399395	474236	442874	474841	435020	417241	402198	397472
0	471647	437772	470806	432671	414891	400552	397571	469103	435714	471605	428876	415463	399837	396891
0	471330	434398	471828	429475	414271	399782	394440	471664	436253	465441	431783	414020	398908	397145
0	472426	440116	464154	428065	415225	402539	397581	468653	434763	461927	429726	413780	398586	397179
0	474777	436693	468189	431964	415157	401303	399177	466612	436636	467393	430220	416355	400354	397993
0	470008	438955	466567	431053	418184	399876	398346	468716	437425	470935	430417	414850	400705	397654
0	468069	437736	467315	427836	414725	401237	396278	465265	433937	468820	432560	416073	401265	398782
0	475567	439506	469439	431260	414918	399251	398483	466051	432501	469749	431107	413530	400315	396552
0	479163	438249	470448	432307	415147	401507	396199	464145	435267	465561	428566	415075	400988	399148
0	468161	434000	469255	431534	415743	400685	396850	471890	433306	466726	434967	416364	399203	397000
0	465575	436417	470342	428423	414435	400714	397048	463780	438807	467888	431617	413853	399837	397561
0	471717	437237	470478	430188	414516	401300	398365	462187	436029	462620	432294	416745	400076	399056
0	469647	433542	472565	431920	413385	400279	398091	471895	431622	474452	433764	413299	399128	396129
0	466428	437606	466885	428805	412172	399456	397969	462314	435807	466207	429322	413687	400656	397008
0	469846	434823	471853	434251	418784	399508	397171	466341	437242	469266	430180	414587	400166	397927
0	468117	436533	468612	435733	416168	402036	398551	468806	435908	471054	430073	414373	400101	397322
0	468264	431545	469628	426464	414730	400043	395950	464628	436412	470901	430318	413633	400976	396924
0	461202	435685	466062	427812	412065	400343	397072	467919	432598	470478	427797	411243	401297	397640
0	465380	437138	468924	429926	415013	399834	397710	464654	432210	456852	425867	411370	399970	397062
0	468207	431269	467815	429961	414216	401079	397905	465722	434237	470010	429711	416152	400124	397925
0	464881	433035	469250	428230	414436	400841	398309	472066	433905	461664	431805	412805	398553	396642
0	467149	434098	464759	428924	413903	399381	397832	470327	432555	466624	425830	412312	400845	396802
0	465656	437969	474253	431065	415316	402109	399472	464347	431131	463544	428823	412976	400591	397954
0	470643	431461	468793	427551	413013	400111	395550	466082	437075	470006	429047	414721	403454	398513
0	464141	434119	466790	426591	415711	400229	397375	464784	432796	462858	430788	413044	400533	398053
0	467845	435162	466624	433549	415659	401184	397028	463226	435280	464567	430824	416169	400682	398160
0	465758	434837	471000	430274	415482	400976	398276	464179	431261	460422	427030	409404	397695	396150
0	466711	435752	463602	429012	412069	400574	397367	464402	430513	464802	427924	412897	400546	396150
0	467797	433257	467051	428600	416684	400380	398665	471305	433187	462277	428680	411730	400855	396708
0	464271	437163	464605	432009	415222	400511	398092	458581	436123	467521	433208	413044	401309	398240
0	468774	436982	465039	430721	413966	398972	395868	470380	434913	464005	432501	411323	400120	397708
0	468006	434691	465788	432147	415252	400249	399985	468883	433352	463171	428461	412281	400162	396241
0	462681	432923	462370	431023	410400	399712	395056	463829	432319	461267	428770	413681	398850	396773
0	465522	432808	469892	425856	414021	397013	395944	462084	430260	465550	428183	415478	398546	396624
0	465999	433683	463737	429002	414617	401841	396237	466241	431098	465040	426330	414816	399121	397305
0	461386	433029	463548	426816	412987	402307	397865	463447	431961	465277	425588	412311	399762	396392
0	463637	431093	466895	428553	413558	399416	395743	462927	430918	466017	425919	416654	399666	397368
3	468289	433383	469309	432741	415206	400742	396269	466613	432565	462670	426860	415051	399104	396749
3	464760	434600	461351	430894	415031	401912	397026	466522	434032	460934	429998	412385	400098	397244
3	463258	436445	465639	431761	415091	403594	397286	464024	430340	464738	429122	413905	399433	395793
3	469074	433944	468629	428511	416045	401430	397809	473584	436145	467440	431734	418667	403065	398855
3	463023	435064	468584	431894	417193	401491	398523	463866	435164	460225	428599	413843	401145	398460
3	466806	432156	465331	429730	413736	399961	397253	466645	432464	465366	432049	414038	400584	397808
3	463791	436760	466737	431012	416972	402555	400268	464710	434743	465171	426747	415594	399670	396617
3	472641	430331	462961	430263	418025	399981	396237	467513	430487	465624	426729	412210	398872	399142
3	466946	439312	466050	431290	415263	400646	397140	465964	434627	464708	431337	415805	398727	396291
3	463638	429347	465552	430796	413083	400927	397530	462702	432565	460360	428237	413487	400026	399437
3	460627	437571	464211	431010	411958	400437	396932	467815	435548	468137	428297	412955	399285	397330
3	465210	437704	467955	428217	416959	401441	398474	468336	437672	463489	430535	412924	399575	396436
3	463723	438397	466608	431453	415962	401607	397304	456230	433484	402560	399559	399845	397067	395995
3	465646	433809	471092	431589	415157	401132	396703	463681	432891	470813	432105	413170	399509	396809
3	469110	437935	466919	433440	414461	400773	398704	465271	436089	466302	427756	416137	398344	397415
3	464609	433003	465212	428771	413710	395262	394554	463999	438539	466188	426329	415453	400392	397998
3	471236	439575	470108	429096	420502	399641	397620	467495	434772	469446	426372	414712	399903	396562
3	469209	433162	472153	429385	414615	399885	398639	464128	434934	467900	426003	414963	400877	398804
3	466239	432187	467346	427284	412583	399343	398228	466721	429247	473073	427970	414484	399797	396148
3	470190	430073	465713	424868	412382	396986	394280	470295	432269	467391	426092	412218	399619	398887
3	464730	434109	465891	431403	417339	401114	398879	468481	433637	460509	427743	415404	400390	395704
3	464820	433721	469354	428501	409740	397879	395295	467789	433470	469400	426112	412811	399735	396748
3	466599	437102	471685	426839	413015	400311	398056	467439	436237	469741	427778	418198	400637	396522
3	463160	436513	459803	423028	408508	397182	393984	465507	431495	464651	427666	416061	401154	397305
3	466170	437322	467744	431088	414743	401525	397189	468310	433991	474330	431967	415104	401949	397195
3	460939	429924	464217	424010	408656	395544	392161	468868	439209	466719	430521	415062	401271	398182
3	471475	434795	470536	431685	416742	401871	397924	467704	436098	467810	432019	418074	399594	397560
3	471463	435259	467762	429503	415155	398417	396400	465275	435820	464736	429650	415571	399198	397221
3	465597	436093	467446	436127	414812	400134	397004	471838	435725	469036	429853	414229	399945	396407
3	465129	438032	464092	427452	410071	396783	394857	467237	435937	476116	431130	412109	400066	395243
3	474420	440086	473260	429245	415501	401931	396845	474320	436685	475468	428354	413465	397882	397485
3	467185	436122	466906	429712	413985	398866	394187	473403	439718	474297	432051	413892	400403	396357
3	467654	437969	470067	427356	415825	402026	398718	465248	430862	403694	398830	397391	397453	394064
3	460554	435806	470045	428656	414355	398396	395353	469195	436221	472330	428861	411609	401171	397616
3	469313	437340	465758	427972	413267	398222	398996	468882	433026	463934	429316	413005	399608	396722
3	460887	435470	465832	429423	410071	396509	393771	468181	433421	472386	430123	416828	400049	395848
3	469285	436995	468777	430258	414474	401871	398260	470033	437918	470200	427243	415175	400397	396980
3	463431	430620	466846	427690	411415	396942	394715	469276	433032	468796	429106	414029	400423	397588
3	468887	437434	474401	427311	411257	397813	396939	466875	438898	467929	426645	415175	400561	396914
3	467026	435170	465723	426226	412079	401334	396784	467162	437255	473115	431846	413324	398779	397021
3	469419	434706	471461	432455	414709	401667	397710	464139	434494	461963	428846	411883	398875	394948
3	467181	434830	471932	425473	410783	399943	395497	471660	439652	469594	432708	416868	401642	398686
3	468383	434715	472708	428861	415057	400937	397669	468510	431043	405497	402092	398877	397940	396827
3	466947	432071	464179	427668	412591	397508	393972	462891	437011	464652	429101	412669	399835	398519
3	470344	437663	467032	427941	414149	400716	397966	469059	435858	474808	430532	413468	400650	397997
3	466536	436428	469147	431983	412946	398485	395545	471921	434880	473018	426789	413443	400358	397316
3	469083	433861	471537	426748	413222	401138	396297	468398	431421	467848	431803	413423	399197	397105
3	466294	432277	468984	427804	414924	397813	395050	468990	435522	469188	426092	414270	399802	397285
3	471734	439033	474479	427950	417033	400417	399291	468660	434688	463860	432070	416471	399515	395917
3	469525	429067	470576	426851	409502	397035	396190	460171	436572	473192	431176	415290	400017	396502
6	469163	436724	471442	429730	415806	400238	398189	466477	434185	468415	428154	416272	400161	397194
6	462336	429952	463858	425142	410511	395941	394047	466326	436252	467567	426293	417785	398126	396869
6	468138	435583	469589	427756	414238	399405	397452	467083	432015	469480	431545	412449	399852	397227
6	470056	436488	462739	430335	411757	398210	395683	469264	437086	467868	427903	411432	400613	397790
6	463246	433678	463616	431116	413050	400757	397236	462677	434688	465119	428339	414560	399183	396916
6	472949	433247	473891	427887	413198	398101	394420	464308	438738	467744	430204	416609	400495	398309
6	467949	434481	463787	430977	410734	399078	395087	465054	433436	470524	430833	414696	401098	396657
6	470935	431357	466407	425200	410406	396955	394370	466046	432911	466784	428433	414364	397493	396261
6	469638	438797	470464	432351	414393	398941	397434	465599	437490	472981	429588	416527	399993	397494
6	462837	433016	464818	428682	412449	397712	394516	466994	438319	462844	432492	415320	399564	398888
6	466863	435725	467960	431187	413696	401266	397443	462060	433793	469413	430120	411819	398347	397750
6	468065	434134	465011	429481	412259	399190	395623	464022	431603	464312	430223	413033	398131	396374
6	465118	437184	468442	430320	413395	401193	398949	467801	433691	470157	429638	412176	399256	397481
6	465255	432722	463785	423196	409937	396434	392623	464697	435144	464182	427354	414955	400404	397223
6	468492	438330	470284	428264	416416	400453	398565	470634	433417	467010	433027	411732	400465	397706
6	466509	433167	464826	425756	413843	397344	397722	467357	433673	468561	430796	413980	400131	396659
6	472545	438359	472826	430552	414723	400824	395830	468299	432534	463793	429025	414927	400886	397616
6	469286	432216	468883	431089	414638	401387	397165	460142	430985	406088	401809	399215	398052	398899
6	469154	434202	459914	429210	412864	400744	398775	402177	406347	457747	427682	413991	400505	396988
6	464740	432523	457833	423193	409973	396066	394723	465728	431929	468897	427782	414159	399682	396516
6	467226	436218	465721	431301	415696	399742	396455	476057	434888	468119	430606	415556	401850	398757
6	469666	432800	468038	428396	414163	397887	394987	463082	430354	463866	431667	415377	399571	397554
6	466926	435382	466700	431568	414644	400782	398217	464438	428070	403610	399079	396535	396841	394463
6	464834	432521	458861	425598	409927	396224	394848	467131	428799	462054	428879	411656	401612	397045
6	467336	433508	470872	428527	417464	400075	399944	465923	433166	469260	425406	414422	398886	397168
6	460494	431362	467648	423258	410987	394978	392788	460122	427621	404341	400417	398342	398078	395309
6	466853	430620	465974	427703	416146	399989	398268	466090	428885	465107	426984	412026	400725	397305
6	466299	433083	463516	431624	416355	400448	395652	463712	432999	463832	425543	414393	401038	398957
6	468884	433763	468603	426216	413778	399611	396654	466003	429147	458043	427051	410560	400899	396477
6	465407	432231	461671	425353	409550	397606	394742	464023	433593	468074	429240	413872	401616	395669
6	466507	430401	467284	425979	412486	400121	397429	460715	433437	468139	427927	414038	398737	397567
6	459206	429163	462135	425936	412773	397377	394614	464047	429522	464740	427934	416065	399344	396513
6	462497	431004	467023	427669	413325	398223	395611	457768	424374	403310	397446	397683	397200	394811
6	469826	435034	459808	426394	412480	398986	394938	463328	431351	461520	428042	411777	399952	396377
6	463987	433757	464365	430711	414975	399570	397401	464010	434635	463315	427791	412272	401823	396985
6	466094	430390	462795	423716	409240	398307	395004	442525	440513	459891	438133	419764	403030	397434
6	463334	433584	460740	426710	405842	396861	396775	462155	426123	463494	426544	413373	400844	397670
6	469266	434230	468995	428846	413137	401884	398838	461212	433391	463157	425864	413972	401200	398112
6	460930	431308	458524	425331	410894	398718	395689	460485	433120	462166	424421	411790	399208	396758
6	458283	430782	462347	427237	413548	402371	397279	463494	432684	462365	429054	412875	401234	396953
6	464186	426793	459503	427030	412283	398424	394339	463314	429400	453737	429607	413600	399960	395852
6	465243	431221	463767	429118	416108	400815	398601	462477	430494	460246	425957	413234	399739	396299
6	465640	431135	459543	425655	412788	397310	393943	462954	431781	464213	429007	415346	401653	395821
6	460750	431586	466557	426102	413781	399492	397718	459850	430222	461796	427081	414471	399287	396902
6	459296	427185	454784	420904	410491	397164	393366	457753	431013	462512	429385	411685	399831	397305
6	461066	430315	463237	427091	414849	399879	397055	455430	430133	463241	427736	414185	399310	397207
6	468286	431360	450350	433785	418156	402764	398017	466128	434435	455125	435321	415493	402603	399848
6	467947	433418	445552	437776	418011	403220	398778	459622	433508	451389	429246	415011	402996	399976
6	455812	432587	450200	428017	412810	399386	395228	456513	431530	446096	432000	418006	401814	397756
6	460304	430407	462236	430323	412708	401184	397391	463778	428344	452680	427357	411792	400181	396069
9	453899	428742	442031	435814	414832	399206	394025	462370	431209	458052	430548	414042	401011	398016
9	458447	432461	465775	428485	416077	401988	401858	455518	433792	465250	427758	411336	402585	397891
9	465678	436506	462018	427577	410062	400847	397948	464503	433941	460615	424152	412766	400890	398318
9	458925	430203	460387	421191	409675	398753	396498	453869	423979	403493	399341	399071	398074	395242
9	467407	433795	463782	425113	413801	400271	397336	457348	424256	403325	399616	397397	398537	394936
9	465064	431267	462106	430961	415867	399481	397527	457402	427550	403117	399435	397445	397318	394762
9	455885	428440	457118	422899	409186	398610	395535	455876	429219	455931	422091	409102	399266	396549
9	463064	435986	457863	427844	411795	400608	398889	464170	432634	462289	427004	409482	400310	396935
9	462102	435574	467623	428729	414544	399747	397186	461016	433721	462788	422698	411804	399782	396217
9	459562	432769	462645	425511	414419	400688	397797	465180	431256	459583	430744	415392	399885	396034
9	459180	433427	462932	425720	413551	401328	399798	402111	410267	454711	424530	412034	399889	397216
9	464732	433942	458732	426962	412744	400818	397828	464036	433050	461751	425804	416765	398630	398066
9	464415	433032	465848	426621	413893	401170	398365	465967	431674	464316	425663	412337	399925	396995
9	464133	434022	461514	431252	416195	401457	397223	456517	424321	403798	399910	397293	397648	394554
9	465497	434824	460614	427972	415152	403479	398467	459156	432060	459712	429129	413953	400880	398198
9	463789	428855	462270	429068	409662	397831	395566	461498	424409	401798	399770	399625	398434	395916
9	457292	437727	461600	424928	414118	399773	396741	455855	426266	404016	400376	398896	397882	396109
9	460488	429580	461064	420807	408706	396462	395131	454488	430440	456328	422873	413360	398936	398738
9	455595	430673	452405	426931	411144	400080	398027	450404	422925	401716	398607	397134	396528	395251
9	449978	423899	451297	423843	408849	393839	392506	455214	426891	453817	423441	410950	399331	398059
9	460271	431078	461514	428125	412484	400428	398624	458096	428766	457607	427428	413143	401034	398143
9	457564	430444	453193	422008	409085	398116	395909	456706	430412	461780	426396	413084	400778	396880
9	455917	429733	454305	424163	414845	401377	398334	454231	427662	456156	427470	414517	400448	397449
9	459662	429759	458066	424362	410945	398102	396224	456256	430991	456110	425057	408982	399240	397112
9	462141	428556	458833	425315	411183	399202	398175	458131	427633	455281	427139	410054	402022	397523
9	457625	430227	461879	425580	413368	400019	397697	459778	434499	458771	425985	410126	401085	396183
9	463049	430206	463566	425454	413745	399432	397372	454756	424607	402438	399530	398416	396291	395762
9	456294	426508	453540	423915	410723	395669	393895	458346	428762	457618	421899	411489	399360	396132
9	455577	432287	455824	425532	414730	401303	397812	452365	429118	454193	424310	413660	399809	397845
9	458834	430789	451935	424730	412933	398950	395473	451526	425972	402251	398270	397449	396837	394533
9	457858	429831	457972	421407	410327	400559	397266	449056	429883	458544	420708	412367	400013	398403
9	455219	427523	455709	424760	408631	397408	394617	399894	407738	449288	421523	408828	399452	396251
9	453131	427144	452719	426289	413177	398858	397355	456436	428344	456959	425376	412384	400538	396071
9	455492	429718	456377	422571	407549	396962	394896	447940	424147	403121	399689	398070	396974	394515
9	460452	430048	459051	424434	411934	401820	398844	452106	420535	401699	399326	397760	397696	395034
9	457615	426941	455566	427646	408142	396718	394649	455473	426353	455688	423293	411730	399189	396400
9	456189	429888	456028	423610	413334	398877	397034	456703	432365	458813	425562	413393	398746	397317
9	458389	428895	453374	421134	407726	396944	394990	455509	423464	401490	399321	398110	396897	395054
9	461077	434733	462728	425438	412716	400480	397420	459670	428500	402603	401149	399913	398344	398054
9	463641	433900	460528	429445	414413	401805	397602	463696	433488	461938	424126	409868	400733	398766
9	469443	436585	466114	428316	413634	401533	398601	456955	424989	400810	398936	397215	396888	394696
9	459709	434890	465252	426949	410842	399444	397280	462420	439485	459946	426349	410435	400195	398203
9	456641	431334	463234	421274	410095	396992	394510	405158	462578	433697	463214	427113	408362	396743
9	461328	433996	462243	426905	413539	401271	398442	464831	434949	465061	429528	411734	401040	397886
9	461775	438549	460910	427774	412399	398501	396495	458581	424641	402753	399537	396767	396765	395403
9	463861	433234	459458	431841	412198	401164	397943	457018	426146	402424	400230	399070	397904	396471
9	466180	428172	460763	423040	409434	397524	395189	458873	433134	467593	424564	411937	399879	396952
9	466514	436230	464536	429315	411147	400983	396386	458616	428577	401129	400582	399183	398006	396948
9	460800	435023	462928	424726	411535	398306	396823	470388	436269	469095	425432	412631	400431	398004
9	467806	433816	463005	430391	415157	400694	397641	460887	433979	462685	425230	410407	398974	396850
12	466056	437939	473440	431283	413193	399538	398529	462014	437432	464202	428907	410167	399065	397121
12	468265	437191	470581	428556	413302	399713	397908	459182	428375	403597	399112	397222	396395	394250
12	466610	432919	467620	432378	414932	401361	400702	458611	424800	400065	398947	399694	397909	395875
12	465880	435566	465135	422439	409940	401766	396887	403249	409934	456053	422503	409606	398830	396504
12	454595	435198	462657	424892	411428	400836	396587	458594	421752	401473	399136	397113	398400	395323
12	460584	436663	463047	423722	411450	399280	397120	418661	415601	453692	426062	410675	399537	396493
12	460270	432198	463700	426016	413051	400809	397056	458424	426907	402809	400107	398907	397101	395317
12	469139	438329	466614	427656	414276	400022	397621	461502	433029	440995	422311	408571	399290	395506
12	462489	434730	459020	431049	414150	401954	399005	400627	407752	451619	424830	410188	397944	396289
12	456685	433701	462036	425333	413232	400671	396915	460573	426417	405796	399188	397357	396867	395008
12	462811	428598	460909	428177	409466	397200	395131	457516	429989	402175	399968	398778	397820	395001
12	472636	433725	465723	426940	414128	400457	398218	459817	437694	462420	430755	411280	399866	397189
12	467629	434028	467705	427312	413609	399396	396443	461767	433613	465084	426450	410578	399530	396613
12	459648	435169	463833	428330	410139	400253	397732	460810	432119	463786	425688	411739	398958	397364
12	461002	437962	464347	429314	412065	401124	397595	460126	433377	457722	430502	411404	398893	395722
12	465562	433775	467447	428840	412145	399822	398643	457706	428961	404578	399653	397225	397335	395603
12	467650	434794	465011	425880	409637	399217	396118	463791	430999	403036	399201	399697	397490	397501
12	465196	435562	461795	425702	411635	400432	395806	397122	401855	396607	397633	396612	395793	394950
12	467859	435335	466087	431808	412768	402454	399101	463175	430178	426893	410818	402767	399112	396411
12	463937	436420	468392	428342	410397	399040	396751	460288	426663	400656	398071	398900	398049	395882
12	463339	437185	466597	429060	412751	400725	398521	465247	428347	403794	400596	399821	398367	396255
12	461919	430280	464421	423599	409493	397047	395012	463008	431091	402779	400693	396711	397253	394510
12	468232	433555	461466	429050	412538	400560	397672	400450	406185	462873	427124	412578	399162	396386
12	460857	429236	464849	427877	409784	399399	394554	460082	432296	464871	425084	412562	398957	397182
12	459168	438690	467835	430847	415886	398483	397389	459470	435897	457604	425303	410868	399277	396716
12	463354	439096	468503	426401	414171	399847	398434	459125	436601	462354	428881	411336	399681	396053
12	462345	434235	463250	428719	413476	398525	395953	450700	422970	402251	399717	397043	403978	398708
12	463760	435464	464911	427559	413569	401151	397421	466518	436423	464916	426845	407629	401567	397649
12	461154	434235	457074	431578	413200	400041	397400	454378	426694	404267	399857	398204	398000	395544
12	469346	436650	461821	429733	412055	399965	397470	461700	427848	402432	398102	397611	395010	393780
12	467855	435028	469637	428252	412121	401311	397991	457592	424166	404233	398574	397702	397100	393968
12	460260	434741	471118	431076	411517	399027	396815	461747	434644	462890	425970	409519	399202	397609
12	464907	436131	466646	431793	411129	401183	397899	457523	435189	462442	425106	408789	397632	396581
12	465445	438341	459585	424226	411505	399425	395782	463711	434554	467056	426413	412000	401006	397947
12	470552	437597	467905	427746	411761	400158	397721	465488	432334	469372	427368	411626	399967	396987
12	461626	435431	467853	425163	411245	399708	398538	463592	431850	462772	425470	411752	397748	397316
12	470332	437676	464130	427103	408302	400042	397687	463940	426970	403481	400825	399760	397249	395482
12	467157	435296	469144	432404	413495	399590	396632	461414	427557	404698	398746	399336	399415	394464
12	467085	437611	467671	428753	412147	400391	399640	397264	400510	395172	397238	396464	396079	393541
12	464840	433965	465314	426251	410042	400307	398490	457471	428381	402210	399164	398319	397887	394646
12	467295	437568	464390	427009	413921	400579	397356	402325	408021	454227	426726	410157	400766	396954
12	467348	435222	467490	426425	414564	400904	398761	461341	428514	401652	399164	396704	396558	395971
12	470697	431942	468842	428269	412815	399289	395650	466096	439043	465575	430570	412703	401543	396400
12	472382	434303	470609	427679	409763	401673	399606	461585	424892	403146	398822	398434	396849	395200
12	466238	434999	461136	428018	413645	400133	398319	468649	437475	462503	430067	418892	401361	399588
12	464155	433853	469942	431534	412073	400938	398185	465109	435633	464459	428227	412985	400162	397725
12	467677	434561	466490	433184	412317	399141	396912	460651	429123	402060	400213	398378	397065	395676
12	466994	437300	462446	429720	413717	399991	396994	464289	435261	467278	426670	412949	399759	399132
12	469067	431469	465855	426952	413983	399627	398714	460538	425938	401233	399734	397440	395885	395028
12	468331	435044	469621	431984	415402	400887	396855	465008	424174	401808	398812	398036	396508	395179
15	466170	437391	470619	426706	415069	400884	397342	462025	435029	463784	426434	415720	400155	396906
15	466645	435909	465505	429585	413895	399124	397033	462344	425953	403753	400476	398968	400299	395926
15	465729	433116	462109	427002	414524	400441	397965	466898	428152	402971	399188	396857	400281	394655
15	464468	432325	465075	430736	410871	402315	396561	460192	427925	404460	399579	398803	397530	395367
15	470212	434542	469556	429815	419695	401884	399496	460022	428469	402161	401450	398537	397530	396048
15	459601	432953	465088	425228	410984	399407	396060	469007	436028	522822	430073	412190	399509	396426
15	464989	432292	466043	426653	413728	402556	399016	461608	429495	403361	401558	398969	397269	396806
15	464490	437489	471912	428293	414177	401313	397070	467196	434616	467416	427617	415019	399422	396166
15	464301	439901	466341	434131	415250	403215	398701	463586	436201	469661	424370	411648	399950	395395
15	465470	436358	471875	428303	414545	400992	396752	469040	431839	470749	429224	413741	398235	396742
15	469636	435642	464908	428182	411302	398955	396469	464240	433285	461072	427643	410853	397711	396052
15	461698	437302	469378	429358	413028	399839	396609	453692	423129	404355	405101	402253	398260	394401
15	466707	438991	468145	431038	415214	399224	398139	466695	437057	451740	418002	406777	400773	395603
15	469638	435779	473076	429068	414113	399937	397331	395985	400398	394643	395470	394460	395889	392868
15	471310	436741	468911	427484	416649	401512	398544	461531	432466	465753	426411	411459	399485	395967
15	471259	435692	464834	429518	415927	399341	398074	470405	435143	469899	434236	413616	400415	398066
15	465647	435291	471086	429135	413839	400476	395287	464228	430079	464361	428022	413788	399076	396892
15	465322	432455	464615	424844	410308	400035	397868	460060	428076	402705	400158	398695	398021	396762
15	465186	432508	465770	426348	412487	398215	396869	398812	400723	394847	398029	396793	398355	394266
15	448923	428571	451738	422029	410044	403529	397095	400183	410364	450082	421796	408493	399123	396322
15	462553	430339	462238	426014	413522	399702	396243	463734	429202	458882	426865	410854	399518	397205
15	462236	434134	458170	424963	412819	400757	396107	454700	424766	403287	399845	398293	396187	395662
15	455977	434630	457740	424857	410332	400104	395912	398288	399641	395004	397108	397918	397703	395728
15	463619	433516	461431	429792	413257	400412	397884	458879	432294	459932	424817	410156	400324	397791
15	461894	432513	461953	424374	411309	398900	398042	454816	428168	402168	400553	399162	397207	395877
15	459574	433115	461501	431299	413262	402330	398214	460560	431444	405416	401940	399520	400668	397537
15	468475	435179	465961	427635	411045	399284	398912	399225	401954	396201	398389	397052	396779	396464
15	459214	433048	459835	425862	410776	400766	398814	462497	427390	403270	399416	396972	396816	396425
15	464449	433156	465258	425486	410072	398672	395380	458552	425257	403403	398521	398498	397265	394844
15	468103	435918	469321	425289	413691	399572	397756	453803	424022	402639	399294	397948	397939	393941
15	469555	432169	467436	427469	412542	401093	398622	469382	436893	467204	426689	411370	400337	399017
15	466094	432553	466949	426645	412804	401152	397828	466353	426148	403155	399703	398702	398913	395859
15	468873	431566	463309	425370	407753	396980	393507	470145	434553	467461	429529	410086	400597	397266
15	468899	434791	467771	428785	411247	399656	397036	458763	428064	401173	398579	397341	397071	395097
15	459721	430821	460952	428084	409464	398917	394734	460742	430909	401300	398899	399178	396976	395126
15	472243	438084	465765	427841	411576	400816	398823	468124	429770	405229	399142	397919	396974	395501
15	465195	433647	465846	427976	412823	397556	395472	461451	426529	400748	398696	397321	397712	393742
15	464215	435419	466904	426697	413323	401130	397047	462275	427059	402642	397685	398398	397396	395494
15	463977	433562	465362	425667	410621	398142	394093	460030	424814	401325	399927	397542	397361	393923
15	463317	436428	467624	428575	414966	399523	398243	460718	425157	404321	399808	398529	397695	394746
15	463072	429689	463816	423250	409752	398615	395242	460072	427391	401919	398971	398682	397626	395733
15	465170	432252	467117	428919	411428	400815	398281	468088	431416	463901	430633	415849	398416	397137
15	461701	431286	465186	424181	408011	398739	393551	464146	430848	459025	431048	411036	398749	396583
15	468013	437567	462623	427934	412011	401751	397853	466862	435508	465014	428486	414054	400961	398564
15	466246	432932	462188	425623	411595	398460	395724	462747	429254	404069	399548	399685	398625	395571
15	464036	437081	463418	425598	414347	400377	396735	467817	436265	467240	432175	413416	400611	398580
15	466045	432818	458793	423748	411448	397969	395369	460674	426288	401850	399629	399583	398407	396218
15	467943	436413	464827	429848	410567	402889	398500	463927	429074	403680	399528	399208	397046	394757
15	468072	435995	464174	428203	411599	398079	394554	460826	429478	402820	400661	398642	398825	397278
15	465938	438574	466072	431373	413548	401735	399390	464257	432702	402337	399179	398607	398127	394174
18	466102	433072	461151	427068	411500	399062	395741	469637	433864	469638	427299	412981	401085	399960
18	468516	433521	470412	428271	412815	399214	396798	470325	435235	472567	428737	411395	401352	397986
18	466335	434225	464763	427676	412761	397870	395006	462735	423705	401492	399667	399069	396319	396107
18	466406	433851	462780	425602	409880	397635	396170	399084	400978	394866	396300	396676	395615	394284
18	471301	433080	474363	427530	414500	401052	397686	464557	433423	461102	428533	410485	400097	398554
18	468609	437279	472905	430367	410780	399905	397312	469268	434187	461333	428590	417000	400473	397636
