0.001	0.385	0.267	1.441
1.506	0.385	0.263	1.466
3.009	0.386	0.259	1.489
4.512	0.386	0.253	1.524
6.031	0.386	0.265	1.454
7.534	0.383	0.263	1.458
9.038	0.385	0.256	1.503
10.541	0.385	0.243	1.586
12.043	0.385	0.261	1.473
13.545	0.381	0.433	0.881
15.047	0.374	0.199	1.884
16.550	0.373	0.209	1.791
18.052	0.374	0.211	1.775
19.554	0.371	0.208	1.786
21.057	0.375	0.204	1.838
22.561	0.328	0.019	17.408
24.063	0.327	0.007	46.189
25.566	0.328	0.007	47.178
27.070	0.328	0.007	47.006
28.572	0.373	0.160	2.332
30.075	0.393	0.312	1.258
31.577	0.405	0.401	1.010
33.079	0.408	0.480	0.850
34.581	0.414	0.566	0.732
36.083	0.416	0.564	0.737
37.586	0.774	0.748	1.035
39.088	1.336	0.754	1.773
40.590	1.329	0.718	1.849
42.092	1.333	0.737	1.808
43.595	1.316	0.734	1.793
45.099	1.315	0.734	1.792
46.601	1.319	0.757	1.743
48.104	1.297	0.824	1.573
49.606	1.296	0.501	2.587
51.108	1.304	0.810	1.610
52.610	1.285	0.885	1.453
54.112	1.291	0.848	1.523
55.615	1.280	0.861	1.486
57.117	1.277	0.898	1.421
58.619	1.282	0.916	1.399
60.122	1.274	0.964	1.321
61.625	1.277	1.008	1.267
63.145	1.262	1.027	1.229
64.647	1.256	1.063	1.181
66.149	1.251	1.095	1.143
67.651	1.247	1.129	1.105
69.154	1.236	1.126	1.098
70.656	1.244	1.158	1.075
72.158	1.234	1.205	1.024
73.660	1.223	1.249	0.979
75.163	1.229	1.274	0.965
76.666	1.225	1.276	0.960
78.168	1.223	1.302	0.940
79.674	1.221	1.336	0.914
81.195	1.218	1.378	0.884
82.697	1.214	1.407	0.863
84.200	1.212	1.429	0.848
85.703	1.204	1.474	0.817
87.206	1.203	1.519	0.792
88.708	1.191	1.552	0.767
90.210	1.184	1.560	0.759
91.712	1.196	1.602	0.746
93.215	1.180	1.643	0.718
94.724	1.180	1.691	0.698
96.228	1.174	1.728	0.680
97.731	1.156	1.736	0.666
99.235	1.155	1.765	0.655
100.738	1.142	1.784	0.640
102.241	1.150	1.814	0.634
103.743	1.139	1.860	0.612
105.244	1.137	1.893	0.601
106.746	1.132	1.977	0.573
108.249	1.119	1.988	0.563
109.752	1.110	2.028	0.547
111.254	1.103	2.070	0.533
112.757	1.093	2.137	0.512
114.261	1.365	2.166	0.630
115.763	2.730	2.081	1.312
117.266	2.731	1.994	1.369
118.769	2.731	1.900	1.438
120.272	2.731	1.886	1.448
121.775	2.731	1.787	1.528
123.277	2.731	1.703	1.604
124.780	2.731	1.610	1.696
126.282	2.731	1.533	1.781
127.784	2.731	1.376	1.985
129.286	2.731	1.416	1.929
130.790	2.731	1.389	1.965
132.293	2.731	1.388	1.968
133.812	2.731	1.377	1.983
135.315	2.731	1.380	1.978
136.818	2.731	1.336	2.043
138.320	2.730	1.312	2.081
139.823	2.730	1.304	2.094
141.326	2.730	1.293	2.112
142.846	2.730	1.307	2.088
144.348	2.730	1.248	2.188
145.850	2.730	1.229	2.221
147.353	2.730	1.280	2.133
148.856	2.730	1.297	2.106
150.358	2.730	1.282	2.130
151.867	2.730	1.283	2.128
153.369	2.730	1.293	2.111
154.871	2.730	1.316	2.075
156.374	2.730	1.318	2.071
157.875	2.730	1.340	2.038
159.378	2.730	1.324	2.062
160.880	2.730	1.314	2.077
162.382	2.730	1.349	2.024
163.884	2.730	1.390	1.965
165.387	2.730	1.414	1.931
166.891	2.730	1.426	1.915
168.394	2.730	1.436	1.901
169.896	2.730	1.457	1.874
171.399	2.730	1.417	1.926
172.903	2.730	1.433	1.905
174.406	2.730	1.523	1.793
175.909	2.730	1.453	1.879
177.411	2.730	1.496	1.825
178.914	2.730	1.542	1.770
180.416	2.730	1.518	1.798
181.919	2.730	1.539	1.774
183.421	2.730	1.575	1.733
184.924	2.730	1.603	1.703
186.427	2.730	1.583	1.725
187.930	2.730	1.584	1.723
189.432	2.730	1.587	1.720
190.935	2.730	1.590	1.717
192.437	2.730	1.578	1.730
193.939	2.730	1.589	1.718
195.442	2.730	1.593	1.713
196.945	2.730	1.604	1.702
198.448	2.730	1.581	1.726
199.950	2.730	1.562	1.748
201.453	2.730	1.547	1.765
202.955	2.730	1.574	1.735
204.459	2.730	1.537	1.776
205.961	2.730	1.545	1.767
207.463	2.730	1.546	1.766
208.965	2.730	1.555	1.756
210.466	2.730	1.517	1.800
211.969	2.730	1.511	1.806
213.472	2.730	1.547	1.764
214.975	2.730	1.545	1.767
216.478	2.730	1.520	1.796
217.980	2.730	1.529	1.786
219.484	2.730	1.531	1.783
220.988	2.730	1.544	1.768
222.490	2.730	1.520	1.796
223.992	2.730	1.531	1.783
225.495	2.730	1.532	1.782
226.998	2.730	1.534	1.779
228.501	2.729	1.552	1.759
230.004	2.730	1.609	1.696
231.507	2.730	1.612	1.693
233.009	2.730	1.623	1.682
234.511	2.729	1.578	1.730
236.014	2.729	1.557	1.753
237.518	2.730	1.486	1.836
239.021	2.729	1.451	1.881
240.525	2.729	1.383	1.974
242.028	2.729	1.359	2.008
243.531	2.729	1.293	2.112
245.033	2.729	1.298	2.103
246.536	2.729	1.248	2.187
248.039	2.729	1.274	2.143
249.542	2.729	1.285	2.125
251.045	2.729	1.277	2.137
252.547	2.729	1.312	2.080
254.050	2.729	1.366	1.997
255.552	2.729	1.458	1.872
257.054	2.729	1.583	1.725
258.557	2.729	1.791	1.524
260.059	2.729	2.050	1.332
261.561	0.950	2.171	0.438
263.063	0.965	2.070	0.466
264.566	0.968	1.960	0.494
266.085	0.698	1.856	0.376
267.588	0.821	1.758	0.467
269.090	1.005	1.735	0.579
270.593	0.711	1.657	0.429
272.096	0.653	1.483	0.440
273.599	0.780	1.432	0.545
275.102	0.586	1.344	0.436
276.604	0.339	1.260	0.269
278.107	0.319	1.188	0.269
279.610	0.337	1.127	0.299
281.115	0.362	1.115	0.324
282.617	0.384	0.971	0.396
284.122	0.403	0.916	0.440
285.624	0.414	0.763	0.542
287.127	0.415	0.666	0.623
288.630	0.418	0.563	0.742
290.132	1.427	0.927	1.540
291.634	3.385	2.132	1.588
293.139	4.440	3.036	1.462
294.643	4.320	2.874	1.503
296.153	4.519	1.667	2.712
297.656	4.430	1.123	3.943
299.158	4.404	1.008	4.369
300.661	4.397	1.015	4.331
302.164	4.401	0.984	4.473
303.666	4.394	0.960	4.578
305.169	4.375	0.854	5.124
306.673	4.387	0.846	5.184
308.176	4.367	0.833	5.244
309.678	4.369	0.765	5.713
311.180	4.349	0.817	5.326
312.683	4.398	0.865	5.083
314.186	4.320	0.734	5.886
315.688	4.330	0.706	6.132
