-0.212	-1.698
-0.213	-1.711
-0.210	-1.706
-0.212	-1.721
-0.210	-1.726
-0.209	-1.705
-0.209	-1.730
-0.212	-1.718
-0.208	-1.716
-0.204	-1.740
-0.212	-1.744
-0.213	-1.717
-0.209	-1.745
-0.211	-1.759
-0.213	-1.738
-0.211	-1.722
-0.212	-1.727
-0.213	-1.701
-0.224	-1.732
3383249051.294	0.120
3383249052.294	0.119
3383249053.294	0.119
3383249054.294	0.120
3383249055.294	0.122
3383249056.294	0.120
3383249057.294	0.120
3383249058.294	0.122
3383249059.295	0.122
3383249060.295	0.121
3383249061.295	0.122
3383249062.295	0.120
3383249063.295	0.117
3383249064.294	0.120
3383249065.294	0.122
3383249066.294	0.126
3383249067.294	0.121
3383249068.294	0.122
3383249069.294	0.120
3383249070.294	0.121
3383249071.294	0.122
3383249072.294	0.119
3383249133.570	0.118
3383249134.569	0.118
3383249135.569	0.117
3383249136.569	0.117
3383249137.569	0.127
3383249138.569	0.117
3383249139.569	0.120
3383249140.569	0.118
3383249141.569	0.117
3383249142.569	0.118
3383249143.569	0.116
3383249144.569	0.119
3383249145.569	0.117
3383249146.570	0.121
3383249147.570	0.117
3383249148.570	0.117
3383249149.570	0.118
3383249150.570	0.115
3383249151.569	0.120
3383249152.569	0.122
3383249153.569	0.118
3383249154.569	0.114
3383249155.569	0.116
3383249156.569	0.116
3383249157.569	0.111
3383249158.569	0.119
3383249159.570	0.118
3383249160.570	0.118
3383249161.570	0.117
3383249162.570	0.115
3383249163.570	0.119
3383249164.571	0.116
3383249165.572	0.118
3383249166.572	0.116
3383249167.572	0.118
3383249168.572	0.121
3383249169.571	0.117
3383249170.571	0.121
3383249171.571	0.114
3383249172.571	0.121
3383249173.571	0.121
3383249174.571	0.122
3383249175.571	0.121
3383249176.571	0.121
3383249177.571	0.128
3383249178.571	0.120
3383249179.571	0.120
3383249180.571	0.129
3383249181.572	0.120
3383249182.572	0.120
3383249183.572	0.122
3383249184.572	0.121
3383249185.572	0.121
3383249186.571	0.120
3383249187.571	0.117
3383249188.571	0.124
3383249189.571	0.122
3383249190.571	0.126
3383249191.571	0.123
3383249192.571	0.120
3383249193.571	0.122
3383249194.571	0.123
3383249195.571	0.122
3383249196.571	0.120
3383249197.571	0.120
3383249198.571	0.120
3383249199.572	0.122
3383249200.572	0.117
3383249201.572	0.120
3383249202.572	0.120
3383249203.572	0.121
3383249204.571	0.120
3383249205.571	0.119
3383249206.571	0.118
3383249207.571	0.126
3383249208.571	0.121
3383249209.571	0.125
3383249210.571	0.122
3383249211.571	0.122
3383249212.571	0.120
3383249213.571	0.117
3383249214.571	0.123
3383249215.571	0.125
3383249216.572	0.120
3383249217.572	0.123
3383249218.572	0.121
3383249219.572	0.117
3383249220.572	0.122
3383249221.572	0.127
3383249222.572	0.121
3383249223.572	0.123
3383249224.572	0.122
3383249225.572	0.119
3383249226.572	0.118
3383249227.572	0.119
3383249228.572	0.120
3383249229.572	0.120
3383249230.572	0.122
3383249231.572	0.118
3383249232.572	0.120
3383249233.572	0.120
3383249234.573	0.122
3383249235.573	0.119
3383249236.573	0.121
3383249237.573	0.114
3383249238.573	0.120
3383249239.572	0.117
3383249240.572	0.121
3383249241.572	0.120
3383249242.572	0.123
3383249243.572	0.121
3383249244.572	0.116
3383249245.572	0.121
3383249246.572	0.122
3383249247.572	0.119
3383249248.572	0.122
3383249249.572	0.122
3383249250.572	0.118
3383249251.573	0.123
3383249252.573	0.121
3383249253.573	0.114
3383249254.573	0.120
3383249255.573	0.123
3383249256.572	0.121
3383249257.572	0.122
3383249258.572	0.124
3383249259.572	0.122
3383249260.572	0.124
3383249261.572	0.125
3383249262.572	0.123
3383249263.572	0.121
3383249264.572	0.127
3383249265.572	0.124
3383249266.572	0.121
3383249267.572	0.123
3383249268.572	0.123
3383249269.573	0.123
3383249270.573	0.122
3383249271.573	0.123
3383249272.576	0.124
3383249273.576	0.122
3383249274.575	0.122
3383249275.575	0.123
3383249276.575	0.123
3383249277.575	0.123
3383249278.575	0.120
3383249279.575	0.123
3383249280.575	0.125
3383249281.575	0.122
3383249282.575	0.123
3383249283.575	0.117
3383249284.575	0.120
3383249285.575	0.118
3383249286.576	0.122
3383249287.576	0.122
3383249288.576	0.123
3383249289.576	0.123
3383249290.576	0.127
3383249291.575	0.122
3383249292.575	0.121
3383249293.575	0.126
3383249294.575	0.124
3383249295.575	0.123
3383249296.575	0.125
3383249297.575	0.120
3383249298.575	0.111
3383249299.575	0.122
3383249300.575	0.122
3383249301.575	0.124
3383249302.575	0.123
3383249303.575	0.120
3383249304.576	0.131
3383249305.576	0.125
3383249306.576	0.122
3383249307.576	0.119
3383249308.576	0.123
3383249309.575	0.128
3383249310.575	0.123
3383249311.575	0.123
3383249312.575	0.126
3383249313.575	0.120
3383249314.575	0.122
3383249315.575	0.124
3383249316.575	0.121
3383249317.575	0.123
3383249318.575	0.125
3383249319.575	0.123
3383249320.575	0.121
3383249321.576	0.120
3383249322.576	0.125
3383249323.576	0.125
3383249324.576	0.125
3383249325.576	0.123
3383249326.575	0.124
3383249327.575	0.122
3383249328.575	0.122
3383249329.575	0.125
3383249330.575	0.123
3383249331.575	0.124
3383249332.575	0.126
3383249333.575	0.122
3383249334.575	0.126
3383249335.575	0.125
3383249336.575	0.117
3383249337.575	0.122
3383249338.575	0.122
3383249339.576	0.120
3383249340.576	0.121
3383249341.576	0.124
3383249342.576	0.125
3383249343.576	0.120
3383249344.575	0.122
3383249345.575	0.124
3383249346.575	0.122
3383249347.575	0.122
3383249348.575	0.123
3383249349.575	0.122
3383249350.575	0.126
3383249351.575	0.119
3383249352.575	0.124
3383249353.575	0.122
3383249354.575	0.123
3383249355.575	0.123
3383249356.576	0.123
3383249357.576	0.120
3383249358.576	0.125
3383249359.576	0.123
3383249360.576	0.124
3383249361.575	0.123
3383249362.575	0.121
3383249363.575	0.123
3383249364.575	0.125
3383249365.575	0.124
3383249366.575	0.124
3383249367.575	0.123
3383249368.575	0.124
3383249369.575	0.121
3383249370.575	0.123
3383249371.575	0.122
3383249372.575	0.123
3383249373.575	0.124
3383249374.576	0.122
3383249375.576	0.125
3383249376.576	0.124
3383249377.576	0.125
3383249378.575	0.121
3383249379.575	0.130
3383249380.575	0.124
3383249381.575	0.118
3383249382.575	0.122
3383249383.575	0.123
3383249384.575	0.123
3383249385.575	0.123
3383249386.575	0.122
3383249387.575	0.123
3383249388.575	0.123
3383249389.575	0.117
3383249390.575	0.124
3383249391.576	0.125
3383249392.576	0.124
3383249393.576	0.125
3383249394.576	0.124
3383249395.576	0.126
3383249396.575	0.126
3383249397.575	0.129
3383249398.575	0.124
3383249399.575	0.126
3383249400.575	0.124
3383249401.575	0.125
3383249402.575	0.126
3383249403.578	0.127
3383249404.578	0.126
3383249405.578	0.124
3383249406.578	0.122
3383249407.578	0.127
3383249408.579	0.121
3383249409.579	0.125
3383249410.579	0.123
3383249411.579	0.126
3383249412.579	0.130
3383249413.578	0.125
3383249414.578	0.124
3383249415.578	0.126
3383249416.578	0.129
3383249417.578	0.124
3383249418.578	0.134
3383249419.578	0.126
3383249420.578	0.127
3383249421.578	0.126
3383249422.578	0.126
3383249423.578	0.129
3383249424.578	0.123
3383249425.578	0.126
3383249426.579	0.125
3383249427.579	0.124
3383249428.579	0.128
3383249429.579	0.123
3383249430.579	0.123
3383249431.578	0.122
3383249432.578	0.124
3383249433.578	0.118
3383249434.578	0.124
3383249435.578	0.126
3383249436.578	0.124
3383249437.578	0.127
3383249438.578	0.126
3383249439.578	0.122
3383249440.578	0.134
3383249441.578	0.123
3383249442.578	0.125
3383249443.579	0.125
3383249444.581	0.125
3383249445.581	0.127
3383249446.581	0.124
3383249447.581	0.127
3383249448.580	0.125
3383249449.580	0.125
3383249450.580	0.126
3383249451.580	0.125
3383249452.580	0.126
3383249453.580	0.129
3383249454.580	0.125
3383249455.580	0.126
3383249456.580	0.127
3383249457.580	0.126
3383249458.580	0.126
3383249459.580	0.125
3383249460.580	0.122
3383249461.581	0.126
3383249462.581	0.124
3383249463.581	0.125
3383249464.581	0.125
3383249465.581	0.126
3383249466.580	0.123
3383249467.580	0.125
3383249468.580	0.122
3383249469.580	0.125
3383249470.580	0.126
3383249471.580	0.131
3383249472.580	0.125
3383249473.580	0.129
3383249474.580	0.124
3383249475.580	0.126
3383249476.580	0.131
3383249477.580	0.128
3383249478.581	0.125
3383249479.581	0.125
3383249480.581	0.126
3383249481.581	0.122
3383249482.581	0.125
3383249483.580	0.122
3383249484.580	0.124
3383249485.580	0.125
3383249486.580	0.125
3383249487.580	0.125
3383249488.580	0.123
3383249489.580	0.126
3383249490.580	0.125
3383249491.580	0.127
3383249492.580	0.122
3383249493.580	0.126
3383249494.580	0.123
3383249495.580	0.125
3383249496.581	0.123
3383249497.581	0.127
3383249498.581	0.118
3383249499.581	0.126
3383249500.581	0.127
3383249501.580	0.123
3383249502.580	0.125
3383249503.580	0.126
3383249504.580	0.118
3383249505.580	0.128
3383249506.580	0.124
3383249507.580	0.126
3383249508.580	0.125
3383249509.580	0.119
3383249510.580	0.128
3383249511.580	0.127
3383249512.580	0.130
3383249513.581	0.126
3383249514.581	0.125
3383249515.581	0.124
3383249516.581	0.124
3383249517.581	0.126
3383249518.580	0.129
3383249519.580	0.124
3383249520.580	0.123
3383249521.580	0.127
3383249522.580	0.128
3383249523.580	0.126
3383249524.580	0.127
3383249525.580	0.125
3383249526.580	0.125
3383249527.580	0.125
3383249528.580	0.125
3383249529.580	0.126
3383249530.580	0.123
3383249531.581	0.127
3383249532.581	0.127
3383249533.581	0.127
3383249534.581	0.127
3383249535.581	0.128
3383249536.580	0.126
3383249537.580	0.125
3383249538.580	0.125
3383249539.580	0.122
3383249540.580	0.125
3383249541.580	0.125
3383249542.580	0.125
3383249543.580	0.125
3383249544.580	0.126
3383249545.580	0.126
3383249546.580	0.126
3383249547.580	7.891
3383249548.581	15.787
3383249549.581	12.375
3383249550.581	10.199
3383249551.581	8.184
3383249552.581	10.403
3383249553.580	11.618
3383249554.580	10.321
3383249555.580	30.232
3383249556.580	8.852
3383249557.580	16.339
3383249558.580	22.521
3383249559.580	26.139
3383249560.580	30.136
3383249561.580	20.379
3383249562.580	11.902
3383249563.580	13.711
3383249564.580	4.469
3383249565.580	12.441
3383249566.581	29.718
3383249567.581	14.217
3383249568.581	7.478
3383249569.581	33.868
3383249570.581	40.776
3383249571.580	6.776
3383249572.580	23.696
3383249573.580	12.857
3383249574.580	67.409
3383249575.580	10.994
3383249576.580	11.997
3383249577.580	164.316
3383249578.580	6.146
3383249579.580	18.110
3383249580.580	9.185
3383249581.580	81.428
3383249582.580	9.753
3383249583.581	26.343
3383249584.581	13.555
3383249585.581	9.719
3383249586.581	12.228
3383249587.581	11.232
3383249588.580	6.789
3383249589.580	23.547
3383249590.580	8.906
3383249591.580	15.414
3383249592.580	8.002
3383249593.580	8.341
3383249594.580	37.060
3383249595.580	9.746
3383249596.580	8.679
3383249597.580	0.129
3383249598.580	0.127
3383249599.580	0.127
3383249600.580	0.128
3383249601.581	0.128
3383249602.581	0.130
3383249603.581	0.129
3383249604.581	0.134
3383249605.581	0.128
3383249606.580	0.129
3383249607.580	0.127
3383249608.580	0.131
3383249609.580	0.129
3383249610.580	0.127
3383249611.580	0.128
3383249612.580	0.127
3383249613.580	0.128
3383249614.580	0.131
3383249615.580	0.129
3383249616.580	0.128
3383249617.580	0.126
3383249618.581	0.127
3383249619.581	0.127
3383249620.581	0.128
3383249621.581	0.126
3383249622.581	0.126
3383249623.580	0.129
3383249624.580	0.129
3383249625.580	0.129
3383249626.580	0.125
3383249627.580	0.130
3383249930.350	0.125
3383249931.350	0.121
3383249932.350	0.120
3383249933.351	0.126
3383249934.351	0.120
3383249935.351	0.122
3383249936.351	0.130
3383249937.351	0.120
3383249951.704	0.121
3383249952.704	0.120
3383249953.704	0.119
3383249954.704	0.118
3383249955.703	0.120
3383249956.703	0.124
3383249957.703	0.117
3383249958.703	0.121
3383249959.703	0.119
3383249960.703	0.121
3383249961.703	0.120
3383249962.703	0.118
3383249963.703	0.121
3383249964.703	0.120
3383249965.703	0.133
3383249966.703	0.121
3383249967.703	0.121
3383249968.704	0.119
3383249969.704	0.122
3383249970.704	0.119
3383249971.704	0.121
3383249972.704	0.124
3383249973.703	0.122
3383249974.703	0.123
3383249975.703	0.120
3383249976.703	0.123
3383249977.703	0.122
3383249978.703	0.121
3383249979.703	0.123
3383249980.703	0.123
3383249981.703	0.120
3383249982.703	0.120
3383249983.703	0.121
3383249984.703	0.119
3383249985.704	0.123
3383249986.704	0.121
3383250024.607	0.121
3383250025.606	0.123
3383250026.606	0.122
3383250027.606	0.122
3383250028.606	0.121
3383250029.606	0.122
3383250030.606	0.121
3383250031.606	0.124
3383250032.606	0.127
3383250033.606	0.123
3383250034.606	0.120
3383250035.606	0.124
3383250036.606	0.121
3383250037.606	0.122
3383250038.607	0.120
3383250039.607	0.119
3383250040.607	0.113
3383250041.607	0.121
3383250042.607	0.121
3383250043.606	0.127
3383250044.606	0.124
3383250045.606	0.122
3383250046.606	0.121
3383250047.606	0.121
3383250048.606	0.122
3383250049.606	0.119
3383250050.606	0.119
3383250051.606	0.116
3383250052.606	0.119
3383250053.606	0.120
3383250054.606	0.122
3383250055.607	0.120
3383250056.607	0.116
3383250057.607	0.118
3383250058.607	0.122
3383250059.607	0.124
3383250060.606	0.126
3383250061.606	0.119
3383250062.606	6.176
3383250063.606	134.456
3383250064.606	22.916
3383250065.606	8.896
3383250066.608	12.052
3383250067.608	4.762
3383250068.608	8.977
3383250069.608	24.702
3383250070.608	12.799
3383250071.608	8.622
3383250072.608	11.523
3383250073.609	16.282
3383250074.609	6.026
3383250075.609	19.887
3383250076.609	18.414
3383250077.609	21.212
3383250078.608	6.632
3383250079.608	19.029
3383250080.608	9.668
3383250081.608	96.419
3383250082.608	9.915
3383250083.608	11.375
3383250084.608	21.141
3383250085.608	18.557
3383250086.608	8.466
3383250087.608	7.849
3383250088.608	7.615
3383250089.608	11.941
3383250090.609	13.039
3383250091.609	364.875
3383250092.609	17.546
3383250093.609	23.023
3383250094.609	21.983
3383250095.608	0.126
3383250096.608	0.125
3383250097.608	0.126
3383250098.608	0.127
3383250099.608	0.134
3383250100.608	0.124
3383250101.608	0.122
3383250102.608	0.129
3383250103.608	0.128
3383250104.608	0.128
3383250105.608	0.124
3383250106.608	0.130
3383250107.608	0.129
3383250108.609	0.134
3383250109.609	0.123
3383250110.609	0.140
3383250111.609	0.132
3383250112.609	0.131
3383250113.608	0.132
3383250114.608	0.127
3383250115.608	0.130
3383250116.608	0.131
3383250117.608	0.131
3383250118.608	0.126
3383250119.608	0.130
3383250120.608	7.316
3383250121.608	21.238
3383250122.608	7.128
3383250123.608	9.888
3383250124.608	10.433
3383250125.609	17.282
3383250126.609	12.106
3383250127.609	10.008
3383250128.609	11.233
3383250129.609	9.158
3383250130.608	8.161
3383250131.608	11.746
3383250132.608	5.494
3383250133.608	9.992
3383250134.608	15.841
3383250135.608	12.331
3383250136.608	12.518
3383250137.608	11.751
3383250138.608	12.961
3383250139.608	0.133
3383250140.608	0.129
3383250141.608	0.136
3383250142.608	0.135
3383250143.609	0.131
3383250144.609	0.130
3383250145.609	0.132
3383250146.609	0.129
3383250147.609	0.129
3383250148.608	0.133
3383250149.608	0.130
3383250150.608	0.131
3383250151.608	0.127
3383250152.608	0.128
3383250153.608	0.125
3383250154.608	0.122
3383250155.608	0.113
3383250156.608	0.121
3383250157.608	0.120
3383250158.608	0.121
3383250159.608	0.117
3383250160.609	0.122
3383250161.609	0.122
3383250162.609	0.122
3383250163.609	0.124
3383250164.609	0.119
3383250165.608	0.122
3383250166.608	0.122
3383250167.608	0.123
3383250168.608	0.120
3383250169.608	0.126
3383250170.608	0.126
3383250171.608	0.126
3383250172.608	0.126
3383250173.608	0.123
3383250174.608	0.126
3383250175.608	0.126
3383250176.608	0.125
3383250177.608	0.129
3383250178.609	0.127
3383250179.609	0.123
3383250180.609	0.125
3383250181.609	0.127
3383250182.609	0.125
3383250183.608	0.128
3383250184.608	0.126
3383250185.608	0.132
3383250186.608	0.125
3383250187.608	0.127
3383250188.608	0.128
3383250189.608	0.124
3383250190.608	0.126
3383250191.608	0.124
3383250192.608	0.126
3383250193.608	0.126
3383250194.608	0.126
3383250195.609	0.126
3383250196.609	0.128
3383250197.609	0.123
3383250198.609	0.130
3383250199.609	0.119
3383250200.608	0.126
3383250201.608	0.125
3383250202.608	0.123
3383250203.608	0.123
3383250204.608	0.120
3383250205.609	0.120
3383250206.609	0.122
3383250207.609	0.127
3383250208.609	0.127
3383250209.609	0.129
3383250210.609	0.128
3383250211.609	0.124
3383250212.609	0.124
3383250213.610	0.127
3383250214.610	0.126
3383250215.610	0.130
3383250216.610	0.124
3383250217.610	0.127
3383250218.609	0.131
3383250219.609	0.136
3383250220.609	0.124
3383250221.609	0.126
3383250222.609	0.122
3383250223.609	0.124
3383250224.609	0.132
3383250225.609	0.125
3383250226.609	0.127
3383250227.609	0.124
3383250228.609	0.127
3383250229.609	0.124
3383250230.610	0.129
3383250231.610	0.125
3383250232.610	0.126
3383250233.610	0.123
3383250234.610	0.126
3383250235.609	0.125
3383250236.609	0.124
3383250237.609	0.125
3383250238.609	0.126
3383250239.609	0.120
3383250240.609	0.125
3383250241.609	0.124
3383250242.609	0.123
3383250243.609	0.129
3383250244.609	0.124
3383250245.609	0.117
3383250246.609	0.123
3383250247.609	0.124
3383250248.610	0.125
3383250249.610	0.127
3383250250.610	0.126
3383250251.610	0.124
3383250252.610	0.123
3383250253.609	0.124
3383250254.609	0.126
3383250255.609	0.129
3383250256.609	0.124
3383250257.609	0.123
3383250258.609	0.123
3383250259.609	0.123
3383250260.609	0.127
3383250261.609	0.126
3383250262.609	0.122
3383250263.609	0.124
3383250264.609	0.123
3383250265.610	0.124
3383250266.610	0.128
3383250267.610	0.126
3383250268.610	0.123
3383250269.610	0.125
3383250270.609	0.123
3383250271.609	0.123
3383250272.609	0.125
3383250273.609	0.125
3383250274.609	0.125
3383250275.609	0.126
3383250276.609	0.126
3383250277.609	0.127
3383250278.609	0.119
3383250279.609	0.127
3383250280.609	0.123
3383250281.609	0.126
3383250282.609	0.125
3383250283.610	0.124
3383250284.610	0.126
3383250285.610	0.126
3383250286.610	0.123
3383250287.610	0.127
3383250288.609	0.125
3383250289.609	0.125
3383250290.609	0.125
3383250291.609	0.126
3383250292.609	0.125
3383250293.609	0.128
3383250294.609	0.125
3383250295.609	0.125
3383250296.609	0.119
3383250297.609	0.125
3383250298.609	0.126
3383250299.609	0.127
3383250300.610	0.125
3383250301.610	0.126
3383250302.610	0.129
3383250303.610	0.124
3383250304.610	0.127
3383250305.609	0.125
3383250306.609	0.125
3383250307.609	0.126
3383250308.609	0.125
3383250309.609	0.129
3383250310.609	0.126
3383250311.609	0.123
3383250312.609	0.124
3383250313.609	0.124
3383250314.609	0.126
3383250315.609	0.124
3383250316.609	0.125
3383250317.609	0.125
3383250318.610	0.124
3383250319.610	0.124
3383250320.610	0.125
3383250321.610	0.125
3383250322.610	0.125
3383250323.609	0.123
3383250324.609	0.126
3383250325.609	0.126
3383250326.609	0.125
3383250327.609	0.120
3383250328.609	0.123
3383250329.609	0.125
3383250330.609	0.126
3383250331.609	0.127
3383250332.609	0.123
3383250333.609	0.127
3383250334.609	0.125
3383250335.610	0.131
3383250336.610	0.122
3383250337.610	0.132
3383250338.610	0.122
3383250339.610	0.129
3383250340.609	0.120
3383250341.609	0.125
3383250342.609	0.119
3383250343.609	0.125
3383250344.609	0.129
3383250345.609	0.127
3383250346.609	0.126
3383250347.609	0.125
3383250348.609	0.125
3383250349.609	0.123
3383250350.609	0.124
3383250351.609	0.125
3383250352.609	0.125
3383250353.610	0.123
3383250354.610	0.124
3383250355.610	0.128
3383250356.610	0.124
3383250357.610	0.125
3383250358.609	0.126
3383250359.609	0.126
3383250360.609	0.126
3383250361.609	0.125
3383250362.609	0.127
3383250363.609	0.126
3383250364.609	0.127
3383250365.609	0.125
3383250366.609	0.124
3383250367.609	0.127
3383250368.609	0.126
3383250369.609	0.125
3383250370.610	0.125
3383250371.610	0.126
3383250372.610	0.121
3383250373.610	0.127
3383250374.610	0.125
3383250375.609	0.125
3383250376.609	0.125
3383250377.609	0.125
3383250378.609	0.125
3383250379.609	0.125
3383250380.609	0.125
3383250381.609	0.127
3383250382.609	0.125
3383250383.609	0.125
3383250384.609	0.125
3383250385.609	0.124
3383250386.609	0.124
3383250387.609	0.124
3383250388.610	0.125
3383250389.610	0.125
3383250390.610	0.124
3383250391.610	0.126
3383250392.609	0.129
3383250393.609	0.121
3383250394.609	0.132
3383250395.609	0.126
3383250396.609	0.124
3383250397.609	0.125
3383250398.609	0.125
3383250399.609	0.126
3383250400.609	0.127
3383250401.609	0.126
3383250402.609	0.127
3383250403.609	0.130
3383250404.609	0.122
3383250405.610	0.128
3383250406.610	0.125
3383250407.610	0.124
3383250408.610	0.130
3383250409.610	0.125
3383250410.609	0.126
3383250411.609	0.125
3383250412.609	0.126
3383250413.609	0.126
3383250414.609	0.127
3383250415.609	0.128
3383250416.609	0.127
3383250417.609	0.124
3383250418.609	0.125
3383250419.609	0.126
3383250420.609	0.124
3383250421.609	0.125
3383250422.609	0.124
3383250423.610	0.128
3383250424.610	0.125
3383250425.610	0.127
3383250426.610	0.126
3383250427.609	0.125
3383250428.609	0.124
3383250429.609	0.125
3383250430.609	0.128
3383250431.609	0.126
3383250432.609	0.124
3383250433.609	0.125
3383250434.609	0.125
3383250435.609	0.125
3383250436.609	0.128
3383250437.609	0.124
3383250438.609	0.124
3383250439.609	0.123
3383250440.610	0.122
3383250441.610	0.124
3383250442.610	0.125
3383250443.610	0.114
3383250444.610	0.127
3383250445.609	0.124
3383250446.609	0.124
3383250447.609	0.134
3383250448.609	0.125
3383250449.609	0.125
3383250450.609	0.125
3383250451.609	0.121
3383250452.609	0.125
3383250453.609	0.123
3383250454.609	0.126
3383250455.609	0.122
3383250456.609	0.121
3383250457.610	0.124
3383250458.610	0.126
3383250459.610	0.123
3383250460.610	0.128
3383250461.610	0.125
3383250462.609	0.127
3383250463.609	0.126
3383250464.609	0.126
3383250465.609	0.124
3383250466.609	0.129
3383250467.609	0.127
3383250468.609	0.123
3383250469.609	0.130
3383250470.609	0.129
3383250471.609	0.126
3383250472.609	0.128
3383250473.609	0.122
3383250474.609	0.125
3383250475.610	0.123
3383250476.610	0.124
3383250477.610	0.125
3383250478.610	0.118
3383250479.610	0.125
3383250480.609	0.131
3383250481.609	0.123
3383250482.609	0.125
3383250483.609	0.124
3383250484.609	0.123
3383250485.609	0.125
3383250486.609	0.125
3383250487.609	0.123
3383250488.609	0.125
3383250489.609	0.123
3383250490.609	0.122
3383250491.609	0.122
3383250492.610	0.126
3383250493.610	0.122
3383250494.610	0.126
3383250495.610	0.124
3383250496.610	0.123
3383250497.609	0.122
3383250498.609	0.124
3383250499.609	0.125
3383250500.609	0.120
3383250501.609	0.122
3383250502.609	0.123
3383250503.609	0.122
3383250504.609	0.120
3383250505.609	2.056
3383250506.609	1.345
3383250507.609	0.676
3383250508.609	0.520
3383250509.609	0.525
3383250510.610	0.557
3383250511.610	0.576
3383250512.610	0.607
3383250513.610	0.620
3383250514.610	0.638
3383250515.609	0.687
3383250516.609	0.716
3383250517.609	0.722
3383250518.609	0.744
3383250519.609	0.751
3383250520.609	0.758
3383250521.609	0.771
3383250522.609	0.774
3383250523.609	0.783
3383250524.609	0.804
3383250525.609	0.813
3383250526.609	0.815
3383250527.610	0.820
3383250528.610	0.827
3383250529.610	0.824
3383250530.610	0.832
3383250531.610	0.847
3383250532.609	0.877
3383250533.609	0.882
3383250534.610	0.842
3383250535.610	0.823
3383250536.610	0.840
3383250537.610	0.852
3383250538.610	0.863
3383250539.610	0.858
3383250540.610	0.859
3383250541.610	0.871
3383250542.610	0.879
3383250543.610	0.886
3383250544.610	0.878
3383250545.611	0.882
3383250546.611	0.893
3383250547.611	0.904
3383250548.611	0.903
3383250549.611	0.903
3383250550.610	0.953
3383250551.610	0.953
3383250552.610	0.958
3383250553.610	0.949
3383250554.610	0.960
3383250555.610	0.978
3383250556.610	0.950
3383250557.610	0.981
3383250558.610	0.977
3383250559.610	0.986
3383250560.610	0.987
3383250561.610	1.010
3383250562.611	1.019
3383250563.611	1.022
3383250564.611	1.023
3383250565.611	1.032
3383250566.611	1.019
3383250567.610	1.055
3383250568.610	1.043
3383250569.610	1.027
3383250570.610	1.046
3383250571.610	1.037
3383250572.610	1.048
3383250573.610	1.035
3383250574.610	1.030
3383250575.610	1.006
3383250576.610	1.019
3383250577.610	1.018
3383250578.610	1.005
3383250579.610	0.997
3383250580.611	0.991
3383250581.611	0.979
3383250582.611	0.983
3383250583.611	0.986
3383250584.611	0.980
3383250585.610	0.949
3383250586.610	0.970
3383250587.610	0.966
3383250588.610	0.957
3383250589.610	0.956
3383250590.610	0.955
3383250591.610	0.946
3383250592.610	0.945
3383250593.610	0.943
3383250594.610	0.915
3383250595.610	0.926
3383250596.610	0.931
3383250597.611	0.928
3383250598.611	0.939
3383250599.611	0.912
3383250600.611	0.913
3383250601.611	0.920
3383250602.610	0.869
3383250603.610	0.871
3383250604.610	0.885
3383250605.610	0.900
3383250606.610	0.887
3383250607.610	0.875
3383250608.610	0.896
3383250609.610	0.892
3383250610.610	0.909
3383250611.610	0.913
3383250612.610	0.902
3383250613.610	0.904
3383250614.610	0.924
3383250615.611	0.921
3383250616.611	0.913
3383250617.611	0.902
3383250618.611	0.919
3383250619.611	0.928
3383250620.610	0.898
3383250621.610	0.904
3383250622.610	0.918
3383250623.610	0.926
3383250624.610	0.922
3383250625.610	0.963
3383250626.610	0.934
3383250627.610	0.978
3383250628.610	0.948
3383250629.610	0.979
3383250630.610	0.962
3383250631.610	0.966
3383250632.611	0.976
3383250633.611	0.969
3383250634.611	0.971
3383250635.611	0.970
3383250636.611	0.970
3383250637.610	0.947
3383250638.610	1.293
3383250639.610	0.758
3383250640.610	0.904
3383250641.610	0.836
3383250642.610	0.367
3383250643.610	-0.056
3383250644.610	0.339
3383250645.610	0.541
3383250646.610	0.571
3383250647.610	-0.015
3383250648.610	0.036
3383250649.610	0.026
3383250650.611	-0.421
3383250651.611	0.025
3383250652.611	-1.226
3383250653.611	0.120
3383250654.611	0.119
3383250655.610	3.334
3383250656.610	0.006
3383250657.610	1.816
3383250658.610	1.782
3383250659.610	0.117
3383250660.610	0.118
3383250661.610	0.116
3383250662.610	0.117
3383250663.610	0.117
3383250664.610	0.120
3383250665.610	0.122
3383250666.610	0.120
3383250667.611	0.125
3383250668.611	0.124
3383250669.611	0.120
3383250670.611	0.125
3383250671.611	0.116
3383250672.610	0.123
3383250673.610	0.126
3383250674.610	0.124
3383250675.610	0.122
3383250676.610	0.125
3383250677.610	0.123
3383250678.610	0.124
3383250679.610	0.124
3383250680.610	0.125
3383250681.610	0.128
3383250682.610	0.123
3383250683.610	0.124
3383250693.805	0.123
3383250694.805	0.124
3383250695.805	0.125
3383250696.805	0.125
3383250697.805	0.124
3383250698.805	0.125
3383250699.805	0.124
3383250700.805	0.121
3383250701.805	0.120
3383250702.806	0.120
3383250703.806	0.121
3383250704.806	0.120
3383250705.806	0.120
3383250706.806	0.119
3383250707.805	0.121
3383250708.805	0.119
3383250709.805	0.120
3383250710.805	0.121
3383250711.805	0.123
3383250712.805	0.125
3383250713.805	0.124
3383250714.805	0.125
3383250715.805	0.127
3383250716.805	0.130
3383250717.805	0.125
3383250718.805	0.126
3383250719.805	0.128
3383250720.806	0.127
3383250721.806	0.127
3383250722.806	0.132
3383250723.806	0.131
3383250724.805	0.134
3383250725.805	0.134
3383250726.805	0.135
3383250727.805	0.132
3383250728.805	0.134
3383250729.805	0.132
3383250730.805	0.135
3383250731.805	0.134
3383250732.805	0.134
3383250733.805	0.135
3383250734.805	0.137
3383250735.805	0.135
3383250736.807	0.134
3383250737.808	0.137
3383250738.808	0.138
3383250739.808	0.140
3383250740.808	0.137
3383250741.808	0.139
3383250742.807	0.138
3383250743.807	0.139
3383250744.807	0.135
3383250745.807	0.135
3383250746.807	0.136
3383250747.807	0.134
3383250748.807	0.134
3383250749.807	0.145
3383250750.807	0.138
3383250751.807	48.596
3383250752.807	866.496
3383250753.807	33.611
3383250754.808	13.328
3383250755.808	4.688
3383250756.808	10.789
3383250757.808	9.192
3383250758.808	12.388
3383250759.807	9.004
3383250760.807	20.256
3383250761.807	12.807
3383250762.807	14.806
3383250763.807	16.673
3383250764.807	258.320
3383250765.807	16.696
3383250766.807	9.117
3383250767.807	8.244
3383250768.807	10.062
3383250769.807	6.941
3383250770.807	7.378
3383250771.807	19.299
3383250772.808	14.653
3383250773.808	12.429
3383250774.808	8.306
3383250775.808	10.559
3383250776.808	13.719
3383250777.807	11.334
3383250778.807	150.595
3383250779.807	7.270
3383250780.807	11.690
3383250781.807	7.821
3383250782.807	6.768
3383250783.807	13.791
3383250784.807	13.776
3383250785.807	20.507
3383250786.807	24.196
3383250787.807	7.776
3383250788.807	10.365
3383250789.808	7.049
3383250790.808	8.058
3383250791.808	12.157
3383250792.808	9.856
3383250793.808	10.524
3383250794.807	9.432
3383250795.807	4.423
3383250796.809	47.922
3383250797.809	5.119
3383250798.809	13.186
3383250799.809	18.511
3383250800.809	12.927
3383250801.809	34.216
3383250802.809	8.425
3383250803.809	13.164
3383250804.809	12.429
3383250805.809	17.408
3383250806.809	9.395
3383250807.810	8.784
3383250808.810	20.062
3383250809.810	9.651
3383250810.810	11.833
3383250811.810	11.669
3383250812.809	16.100
3383250813.809	5.566
3383250814.809	11.010
3383250815.809	9.471
3383250816.809	5.611
3383250817.809	19.317
3383250818.809	8.645
3383250819.809	13.700
3383250820.809	16.806
3383250821.809	9.122
3383250822.809	14.536
3383250823.809	10.233
3383250824.810	8.150
3383250825.810	9.882
3383250826.810	15.967
3383250827.810	11.680
3383250828.810	26.640
3383250829.809	42.822
3383250830.809	16.331
3383250831.809	6.397
3383250832.809	10.553
3383250833.809	16.559
3383250834.809	10.509
3383250835.809	18.743
3383250836.809	18.577
3383250837.809	15.221
3383250838.809	11.329
3383250839.809	12.031
3383250840.809	8.711
3383250841.809	8.069
3383250842.810	14.200
3383250843.810	13.109
3383250844.810	4.510
3383250845.810	11.528
3383250846.810	51.387
3383250847.809	8.606
3383250848.809	10.615
3383250849.809	10.782
3383250850.809	7.554
3383250851.809	-105.860
3383250852.809	13.219
3383250853.809	-172.268
3383250854.809	9.441
3383250855.809	8.081
3383250856.809	18.047
3383250857.809	12.101
3383250858.809	23.022
3383250859.810	6.445
3383250860.810	11.537
3383250861.810	14.536
3383250862.810	11.512
3383250863.810	8.929
3383250864.809	11.151
3383250865.809	-87.043
3383250866.809	6.269
3383250867.809	10.175
3383250868.809	14.922
3383250869.809	20.263
3383250870.809	30.825
3383250871.809	10.240
3383250872.809	25.395
3383250873.809	8.360
3383250874.809	9.552
3383250875.809	8.533
3383250876.809	11.504
3383250877.810	14.064
3383250878.810	7.407
3383250879.810	9.113
3383250880.810	10.079
3383250881.810	15.677
3383250882.809	5.948
3383250883.809	13.189
3383250884.809	22.957
3383250885.809	10.269
3383250886.809	15.071
3383250887.809	8.503
3383250888.809	11.713
3383250889.809	8.791
3383250890.809	5.777
3383250891.809	19.586
3383250892.809	10.775
3383250893.809	5.429
3383250894.810	10.262
3383250895.810	10.509
3383250896.810	9.042
3383250897.810	10.471
3383250898.810	15.135
3383250899.809	12.331
3383250900.809	10.211
3383250901.809	13.492
3383250902.809	8.473
3383250903.809	13.242
3383250904.809	8.589
3383250905.809	5.923
3383250906.809	10.035
3383250907.809	-135.057
3383250908.809	6.220
3383250909.809	7.248
3383250910.809	9.325
3383250911.809	16.859
3383250912.810	11.025
3383250913.810	17.086
3383250914.810	5.714
3383250915.810	12.851
3383250916.810	11.586
3383250917.809	9.492
3383250918.809	29.322
3383250919.809	5.420
3383250920.809	8.202
3383250921.809	6.613
3383250922.809	24.367
3383250923.809	13.630
3383250924.809	14.044
3383250925.809	11.947
3383250926.809	7.912
3383250927.809	7.165
3383250928.809	9.163
3383250929.810	41.813
3383250930.810	7.052
3383250931.810	17.738
3383250932.810	8.666
3383250933.810	13.227
3383250934.809	9.673
3383250935.809	12.355
3383250936.809	8.741
3383250937.809	47.248
3383250938.809	8.191
3383250939.809	19.718
3383250940.809	30.329
3383250941.809	11.205
3383250942.809	15.806
3383250943.809	-21.040
3383250944.809	17.237
3383250945.809	12.703
3383250946.809	376.877
3383250947.810	16.894
3383250948.810	7.601
3383250949.810	10.854
3383250950.810	12.962
3383250951.810	10.947
3383250952.809	15.476
3383250953.809	43.695
3383250954.809	10.962
3383250955.809	26.587
3383250956.809	12.243
3383250957.809	14.772
3383250958.809	13.289
3383250959.809	5.502
3383250960.809	20.596
3383250961.809	7.474
3383250962.809	8.324
3383250963.809	7.808
3383250964.810	15.848
3383250965.810	9.733
3383250966.810	13.863
3383250967.810	7.200
3383250968.810	10.065
3383250969.809	3.747
3383250970.809	49.290
3383250971.809	8.435
3383250972.809	9.272
3383250973.809	19.475
3383250974.809	20.478
3383250975.809	43.885
3383250976.809	10.539
3383250977.809	7.690
3383250978.809	7.401
3383250979.809	26.973
3383250980.809	14.516
3383250981.809	6.969
3383250982.810	10.645
3383250983.810	11.824
3383250984.810	22.016
3383250985.810	10.729
3383250986.810	8.109
3383250987.809	8.241
3383250988.810	6.877
3383250989.810	6.523
3383250990.810	-27.331
3383250991.810	8.037
3383250992.810	8.466
3383250993.810	19.833
3383250994.810	18.430
3383250995.810	13.315
3383250996.810	14.964
3383250997.810	9.394
3383250998.811	11.892
3383250999.812	12.398
3383251000.812	12.943
3383251001.812	8.295
3383251002.812	10.804
3383251003.812	9.163
3383251004.811	26.394
3383251005.811	9.631
3383251006.811	13.281
3383251007.811	12.830
3383251008.811	137.353
3383251009.811	42.811
3383251010.811	42.622
3383251011.811	11.640
3383251012.811	11.479
3383251013.811	13.354
3383251014.811	28.441
3383251015.811	14.746
3383251016.811	8.649
3383251017.812	9.279
3383251018.813	15.646
3383251019.813	40.684
3383251020.813	7.237
3383251021.813	813.678
3383251022.812	8.516
3383251023.812	11.043
3383251024.812	0.499
3383251025.812	0.487
3383251026.812	0.449
3383251027.812	0.481
3383251028.812	0.461
3383251029.812	0.457
3383251030.812	0.487
3383251031.812	0.465
3383251032.812	0.477
3383251033.812	0.497
3383251034.813	0.479
3383251035.813	0.486
3383251036.813	0.477
3383251037.813	0.465
3383251038.813	0.479
3383251039.812	0.477
3383251040.812	0.488
3383251041.812	0.493
3383251042.812	0.496
3383251043.812	0.483
3383251044.812	0.494
3383251045.812	0.459
3383251046.812	0.477
3383251047.812	0.492
3383251048.812	0.477
3383251049.812	0.487
3383251050.812	0.468
3383251051.812	0.486
3383251052.813	0.486
3383251053.813	0.489
3383251054.813	0.492
3383251055.813	0.491
3383251056.813	0.482
3383251057.812	0.498
3383251058.812	0.524
3383251059.812	0.498
3383251060.812	0.446
3383251061.812	0.473
3383251062.812	0.497
3383251063.812	0.426
3383251064.812	0.495
3383251065.812	0.473
3383251066.812	0.483
3383251067.812	0.467
3383251068.812	0.470
3383251069.813	0.488
3383251070.813	0.477
3383251071.813	6.087
3383251072.813	0.478
3383251073.813	0.488
3383251074.812	0.481
3383251075.812	0.485
3383251076.812	0.498
3383251077.812	0.486
3383251078.812	0.473
3383251079.812	0.480
3383251080.812	0.491
3383251081.812	0.617
3383251082.812	0.936
3383251083.812	1.044
3383251084.812	1.019
3383251085.812	1.014
3383251086.812	0.876
3383251087.813	0.611
3383251088.813	0.622
3383251089.813	0.573
3383251090.813	0.463
3383251091.813	0.479
3383251092.812	0.399
3383251093.813	0.390
3383251094.813	0.359
3383251095.813	0.343
3383251096.813	0.348
3383251097.813	0.345
3383251098.813	0.384
3383251099.816	0.440
3383251100.816	0.508
3383251101.816	0.601
3383251102.816	0.552
3383251103.816	0.740
3383251104.817	0.722
3383251105.817	0.328
3383251106.817	0.380
3383251107.820	0.482
3383251108.824	0.563
3383251109.823	0.648
3383251110.823	0.775
3383251111.823	1.514
3383251112.823	2.266
3383251113.823	2.450
3383251114.823	3.267
3383251115.823	4.521
3383251116.823	3.649
3383251117.823	3.389
3383251118.823	2.979
3383251119.823	3.028
3383251120.823	3.785
3383251121.823	4.514
3383251122.824	3.732
3383251123.824	3.395
3383251124.824	3.434
3383251125.824	3.417
3383251126.824	2.546
3383251127.823	4.458
3383251128.823	3.364
3383251129.823	3.768
3383251130.823	4.155
3383251131.823	3.301
3383251132.823	4.474
3383251133.823	4.086
3383251134.823	4.260
3383251135.823	3.461
3383251136.823	4.934
3383251137.823	3.590
3383251138.823	3.243
3383251139.824	5.248
3383251140.827	2.814
3383251141.827	2.582
3383251142.827	2.625
3383251143.834	2.101
3383251144.833	1.951
3383251145.833	1.927
3383251146.833	2.216
3383251147.833	2.882
3383251148.833	3.696
3383251149.833	3.166
3383251150.833	4.363
3383251151.833	2.799
3383251152.833	1.856
3383251153.833	1.612
3383251154.833	1.690
3383251155.833	2.210
3383251156.833	2.430
3383251157.835	2.519
3383251158.835	2.273
3383251159.835	2.025
3383251160.835	1.940
3383251161.835	2.081
3383251162.834	1.851
3383251163.834	2.177
3383251164.834	2.203
3383251165.834	2.209
3383251166.834	1.898
3383251167.834	1.850
3383251168.834	1.772
3383251169.834	1.836
3383251170.834	2.095
3383251171.834	1.949
3383251172.837	2.043
3383251173.837	2.211
3383251174.838	1.866
3383251175.838	1.860
3383251176.838	2.103
3383251177.838	2.181
3383251178.838	1.880
3383251179.837	1.807
3383251180.837	2.137
3383251181.837	1.968
3383251182.837	2.430
3383251183.837	1.952
3383251184.837	1.957
3383251185.837	1.974
3383251186.837	1.906
3383251187.837	1.733
3383251188.837	1.808
3383251189.837	2.028
3383251190.837	2.050
3383251191.837	1.992
3383251192.838	2.346
3383251193.838	2.049
3383251194.838	2.084
3383251195.838	2.139
3383251196.838	1.919
3383251197.837	2.053
3383251198.837	1.840
3383251199.837	1.887
3383251200.837	2.027
3383251201.837	1.880
3383251202.837	2.055
3383251203.837	1.980
3383251204.837	2.158
3383251205.837	2.070
3383251206.837	1.935
3383251207.837	2.140
3383251208.837	1.969
3383251209.838	2.045
3383251210.838	2.070
3383251211.838	2.144
3383251212.838	2.179
3383251213.838	1.924
3383251214.837	1.957
3383251215.837	1.946
3383251216.837	1.860
3383251217.837	2.178
3383251218.837	1.960
3383251219.837	2.063
3383251220.837	2.083
3383251221.837	2.199
3383251222.837	2.148
3383251223.837	2.088
