85.13	808883	813966	802458	801641	802652	812110	816383	802387	803004	803657
85.13	815564	819706	805512	804599	804924	814106	816691	802619	803191	805073
85.13	816366	822079	805133	804775	804241	815932	818846	803429	803490	806024
85.13	817501	821460	805769	804944	806084	815775	818560	804796	805528	805591
85.13	813687	816551	805966	804324	805286	813542	816024	802699	803168	802165
85.13	815060	816974	805125	805048	803722	815048	815728	802596	802596	802649
85.13	814995	816747	804366	803804	804102	815631	815724	804234	804329	802956
85.13	816285	815675	805313	804985	805537	812373	815873	801842	800380	801499
85.13	815545	822835	806410	807059	806951	814064	818097	803356	805156	805345
85.13	812174	816614	801897	804662	803697	814344	819475	804472	803885	804301
85.13	815727	818921	805163	804881	803716	813653	817980	804104	803386	803976
85.13	817806	820737	803986	804921	804429	817543	817371	803128	802134	803283
85.13	816094	817356	803378	804529	804255	813192	815602	803257	802314	803089
85.13	816636	818012	803670	804547	804748	812662	816316	802208	805584	802917
85.13	817061	817336	804935	803739	803881	814951	817077	801209	801555	803166
85.13	815100	819957	804541	803634	804778	814271	816069	802652	802439	803533
85.13	815057	819786	804956	804270	803586	814197	817198	803900	804112	804019
85.13	814877	817983	803992	803215	802616	815280	820579	803320	803156	803392
85.13	812176	816932	803738	805113	802241	816680	821695	805210	803403	803623
85.13	815436	818825	805659	805437	806003	816917	819290	803244	803355	804642
85.13	814359	819953	803252	803109	803361	814179	818337	803769	805398	805141
85.13	817319	821025	805958	805967	805533	814735	821902	803972	804212	805172
85.13	814751	820553	806009	803793	807456	814363	818295	803847	803218	803444
85.13	813655	820098	806090	804679	805610	814822	819385	803874	803987	803313
85.13	814567	819539	804758	805062	804166	815294	818860	803972	804748	804088
85.13	814679	819126	805389	805585	804349	815015	818870	803102	804238	805674
85.13	817740	819082	803633	804816	805346	818606	819862	804065	804085	804915
85.13	816463	818788	803590	803348	803747	815472	817020	803976	802616	803165
85.13	815852	820991	803169	801772	803956	817790	818415	804657	804608	804688
85.13	814738	821287	804216	804684	805208	818594	822814	804688	803682	806919
85.13	811997	815190	806010	805681	803556	804437	805940	824340	818888	805375
85.13	813272	818259	803065	802864	803061	815533	824506	802754	803874	802777
85.13	814743	818987	802650	804511	803078	813521	823253	803644	804358	803349
85.13	816176	819711	804362	805501	806021	815740	818954	803294	803432	804127
85.13	812968	819768	804990	804519	803783	814308	818824	804400	802148	802956
85.13	813397	820172	802732	803726	804313	815386	818626	801932	803464	802264
85.13	813626	816858	802779	801988	802814	815052	818809	803628	804661	803971
85.13	817478	820033	806664	807739	806769	816109	816135	806007	804860	804267
85.13	814337	820491	804505	804173	804899	814506	820149	806810	804206	804492
85.13	816342	819527	802872	803950	803799	816569	819394	804087	806885	804504
85.13	817120	820976	804355	804585	803208	814354	821206	803546	803138	804577
85.13	816429	820335	804064	804061	803432	818116	820453	807203	806305	804346
85.13	815060	820615	804421	805729	804908	818524	820469	806531	805778	805571
85.13	817424	817442	804277	805701	804224	816618	818633	803267	805150	806144
85.13	814154	815828	803071	804628	804045	815821	816530	804919	803158	802844
85.13	814031	819680	804683	803482	804867	810531	816092	802665	801609	802152
85.13	814397	815978	803796	803028	805125	814033	818560	805630	806495	804308
85.13	816101	819280	805984	805468	806319	814437	818994	805402	806691	807225
85.13	813397	817220	801885	802933	802878	812706	818555	804192	803231	801964
85.13	814104	819265	804961	803748	804878	815507	819111	805481	804729	805580
85.13	812849	820540	804494	803760	803523	816084	818548	805545	803761	804891
85.13	812679	817887	803699	803851	803906	816065	819061	804416	804637	804374
85.13	813769	815272	805022	804726	803495	813837	820887	804048	803644	804853
85.13	816699	819647	806958	806299	806490	811984	813832	803614	801264	803837
85.13	815249	818549	806175	804286	806412	815239	818929	805772	804283	804347
85.13	815374	820956	806325	806065	804820	813755	818137	804204	804789	804945
85.13	811896	816589	805106	803976	803916	816088	817444	804940	805322	805718
85.13	813716	816090	803768	803631	804120	815926	821417	805932	804888	805746
85.13	814887	815619	803026	803310	803184	814328	821146	803299	806189	805087
85.13	814045	817951	804175	804783	804104	814811	817035	802994	804262	803931
85.13	813212	817844	803186	803976	805389	810900	819013	804731	805277	804736
85.13	813367	820402	804116	804477	804133	815461	818931	804124	804462	805191
85.13	816501	820487	804974	805051	803869	816089	818961	805565	807446	804488
85.13	817129	822111	807604	806632	806206	813632	818160	803130	804954	803538
85.13	815536	818851	804739	805252	804166	814111	818978	805432	805628	806760
85.13	815126	818502	805152	806142	804907	811830	816079	800927	803038	803555
85.13	816555	819131	805505	803979	805481	814584	821339	805982	804114	805683
85.13	815883	819302	805411	804828	804813	813025	815231	802752	803557	802591
85.13	812953	820541	803362	804898	805480	814441	818747	804210	804344	804755
85.13	812049	814795	801532	802677	803799	817205	818099	807149	804192	805990
85.13	812549	816500	802600	802705	802983	815460	818735	805573	804569	805378
85.13	815500	819544	803903	804515	803895	815869	817043	802469	803115	804867
85.13	816156	816942	803813	804717	802729	811272	819014	802547	803327	803186
85.13	817616	818045	804097	804076	804875	813891	816981	803748	805098	804482
85.13	816230	820412	805101	806308	806055	813335	819216	803072	803195	803368
85.13	813759	821081	802411	804773	803863	816111	822587	806099	805292	805449
85.13	816916	821875	807481	806636	806641	815226	820501	805580	804360	805801
85.13	815184	818102	804475	805167	806568	816218	821331	806311	806971	806420
85.13	817639	820718	804645	806339	805557	816039	820466	804961	804878	805152
85.13	818253	818174	804354	803292	805001	814003	820707	801817	802967	802710
85.13	814481	819715	804074	804402	803521	815281	819523	802577	803981	804730
85.13	816390	819185	802199	804221	804007	813666	819064	803222	803455	802119
85.13	816715	820961	803925	804410	803769	813033	818445	803968	804172	804542
85.13	816120	820981	804444	804673	805590	812099	822931	804410	804532	804486
85.13	817176	820719	804379	804676	804883	814422	821047	803957	803943	804407
85.13	815330	817943	802995	804006	803968	817593	820328	806575	805860	807329
85.13	815238	820086	805252	805052	805278	817602	821545	806299	807455	807093
85.13	814958	816498	805361	804776	804580	816401	819947	804652	803454	802820
85.13	814020	821340	804117	804724	805582	816381	816019	804333	803540	804694
85.13	816380	819145	804652	803957	804083	817215	817328	804683	805228	805690
85.13	816268	818782	805935	806330	805365	817487	823049	804165	805207	805722
85.13	812654	818713	802433	803187	803336	815269	818344	804162	802776	804609
85.13	815077	821655	804331	804221	804950	816779	819021	804554	805130	805012
85.13	815066	818986	804446	803592	804899	813316	818853	802505	801598	802957
85.13	814290	816932	803664	803210	803044	814439	818890	804940	805051	805034
85.13	811874	818356	803777	804050	802978	813157	821880	802016	801892	803766
85.13	814112	818179	805084	804210	803325	812730	818325	804028	804232	803317
85.13	814756	821004	805749	803162	804385	813727	818528	803577	805014	805635
85.13	814566	819903	803998	801738	803718	814587	821591	803848	804316	806446
85.13	814623	822126	805555	806210	805258	814164	816847	804335	804062	805341
85.14	815224	814116	802665	802499	801978	814629	820900	803019	805581	804134
85.14	813938	819518	806272	806277	804602	815469	816602	802675	804069	803690
85.14	815647	820651	804405	804716	806015	815638	818345	805691	803744	805036
85.14	816525	821531	804002	803257	803641	814393	817507	804338	803954	803532
85.14	814170	817956	803391	805291	806168	816726	820267	805437	806245	803711
85.14	813917	818465	804758	803678	804429	814987	817377	805110	806298	804100
85.14	816244	818467	803782	805916	805917	815616	819006	804583	804866	803855
85.14	816837	818901	804718	805850	807196	813311	818410	803633	803462	803846
85.14	814652	819085	804698	804935	805640	815021	819000	804169	804560	804077
85.14	814746	817807	806175	805106	804530	814852	818932	804089	803417	804853
85.14	815316	816298	802859	802596	803928	814218	816634	804033	803615	804194
85.14	813280	819799	803884	804069	804169	815680	819444	803060	803530	803234
85.14	813951	821766	805244	805487	806345	814988	819446	804205	804208	803416
85.14	816031	818040	802838	803108	803301	815873	819921	806127	805304	803780
85.14	812882	818358	803814	804103	803514	814799	820241	806763	805037	805739
85.14	813382	819298	803989	804527	804925	814461	819810	804596	805610	805182
85.14	815051	819971	803994	805561	804441	813295	818490	803862	802560	803143
85.14	813516	815762	803139	803157	803532	813158	818626	804390	804808	804061
85.14	815049	817459	804092	802613	804213	816173	819487	804912	802389	804812
85.14	814566	820859	805315	804818	806610	812089	818079	801995	801283	802458
85.14	815965	820243	806371	805721	804602	818403	821459	806877	806267	805947
85.14	817651	820133	805757	806937	807370	815245	818768	804694	804221	803681
85.14	817365	819238	805295	804397	804837	812410	819275	803563	805200	804001
85.14	813082	818390	802954	803232	802264	813933	818902	805242	805471	805493
85.14	811763	816431	802081	801662	802055	812886	816547	802464	802249	802536
85.14	815564	820384	804934	802860	803133	814807	818576	803274	803515	804383
85.14	814926	817936	802999	804959	804115	812692	819933	804265	803581	805335
85.14	814042	817237	803577	801077	802742	814003	819243	805474	802341	802851
85.14	816265	822670	807504	804904	806495	813483	817090	803180	803957	804989
85.14	813319	817766	805316	804096	804070	815814	820721	804431	804864	804002
85.14	813667	819339	804662	804453	804643	814403	818359	805007	803981	805528
85.14	814361	819912	805068	804654	805325	812245	820702	803969	804320	804396
85.14	816812	823534	807113	805195	806549	814959	820286	805190	805084	804754
85.14	812922	816935	804313	803614	803181	815827	818611	804380	804408	804474
85.14	813542	816635	804380	804553	803824	815366	820967	805468	803555	804310
85.14	814824	818650	805728	805881	806098	811661	818251	803348	802660	803459
85.14	815511	817856	802137	803294	804474	814958	821118	803928	804467	803380
85.14	816889	818431	806626	806414	806632	814382	821434	806088	805043	806635
85.14	812778	818455	804946	803529	805336	813638	817356	802970	803381	803585
85.14	816858	818214	805453	805788	807406	814083	815982	803835	802803	804068
85.14	814585	821439	804792	806564	806146	812937	817628	802825	802428	802861
85.14	816083	818939	805208	806727	805514	813883	817076	803139	803232	803219
85.14	816147	820031	802785	803605	805115	814452	819463	803330	805331	802681
85.14	813537	819510	803029	803639	806077	818475	821551	804799	805369	806003
85.14	813081	816483	803097	803370	803273	817983	821018	806760	806480	805220
85.14	812361	815840	802908	801760	802865	817029	818790	805955	804492	806739
85.14	813678	818442	802224	802734	803193	814328	820659	805804	804287	805574
85.14	811058	813619	804169	805166	803546	816486	820462	805692	805294	806428
85.14	815368	819019	802691	804574	802437	814705	816705	803663	804408	803253
85.14	814910	818035	804624	804047	805014	812775	818570	803827	802655	803625
85.14	815011	820259	804547	805353	805366	817487	822030	804964	806207	805315
85.14	813624	817657	803826	802822	804788	815126	818116	803542	805831	804437
85.14	813974	818145	803227	802559	803437	815851	819737	803657	805626	804293
85.14	813126	819091	802108	801040	803235	818954	820478	805204	805898	807648
85.14	812394	818103	804504	804729	804957	815992	820223	806181	804557	805592
85.14	817633	816511	803313	803350	804812	814680	820135	806511	804913	805911
85.14	813251	819823	805789	805059	804729	813869	820078	806304	805481	805638
85.14	814771	817365	805328	803152	803324	813701	817923	803720	804902	804702
85.14	812885	818220	804512	803881	801985	814010	818033	802829	803191	803749
85.14	815540	822013	807135	804810	805559	813432	818430	802449	802700	803368
85.14	814508	818554	804478	802592	805283	815786	819649	805603	805216	805785
85.14	814768	821751	804945	804423	804392	815713	820158	805958	805019	805102
85.14	816533	817072	803967	804542	803145	813505	819069	803438	804421	803594
85.14	819240	822341	807068	807292	806321	815394	819083	805339	802202	803570
85.14	812630	817899	803011	803448	805158	816179	820569	805906	805837	805626
85.14	811609	817959	802831	803851	803463	813513	816345	803450	803584	806056
85.14	813673	816904	803702	803497	803209	813950	818031	804614	804308	804000
85.14	814187	819765	803796	803494	804548	812705	817904	802828	802683	802742
85.14	813475	819168	804613	805151	804927	814454	816950	803070	803474	804111
85.14	817940	818493	804418	804465	804061	814101	817055	803059	803580	804262
85.14	817032	821857	808223	806383	807326	816009	818697	804641	803797	804791
85.14	814825	815650	802762	802630	802456	817142	818574	804697	803494	802866
85.14	815451	819103	802947	803338	803522	814024	818860	804728	805035	803911
85.14	815064	819652	805489	804736	805251	817400	818946	803344	805568	804768
85.14	813249	818136	804574	803611	805232	813675	817337	802897	802689	803498
85.14	812896	819064	803013	801787	803714	816988	823302	808039	806067	807239
85.14	815921	819544	805813	804135	803479	815113	817482	804336	803517	803200
85.14	813015	819907	804078	805246	805752	813004	817919	804300	806886	805916
85.14	813895	816197	803740	802168	803198	816609	819175	807167	806137	804624
85.14	811831	820185	804091	804866	804584	813501	819743	802617	803970	804413
85.14	817371	818803	807807	806053	806630	816258	817466	804165	803469	804658
85.14	814156	820100	805158	804563	805132	810929	817468	803361	802464	803185
85.14	815709	816704	804286	803853	804152	815489	818040	805292	804523	805477
85.14	815287	819622	804078	804618	805443	816452	818061	804868	805539	805119
85.14	815124	822837	806044	805626	805025	813672	819698	804114	803831	803008
85.14	814527	820947	802613	802733	803079	814274	819710	804826	805694	804450
85.14	813967	819816	803840	803261	803690	815877	820209	803757	805962	806170
85.14	812164	816169	802904	803863	804438	818342	820003	806758	805994	806899
85.14	811934	817426	802875	803708	801837	817193	815927	802698	802973	802907
85.14	815385	822503	804422	805100	805531	813440	818838	803309	803247	803043
85.14	817022	818823	803747	803895	805320	813466	818509	805798	804252	805617
85.14	815836	819579	804405	804376	803570	815389	818581	806517	803440	805981
85.14	816836	820579	804986	804744	804892	814885	816789	803337	803201	805456
85.14	814150	818295	804286	804986	803194	812878	815186	802836	802231	800946
85.14	812803	818184	802724	802305	803682	817731	820275	805667	804520	805504
85.14	815202	818989	804482	803036	805107	813344	819971	805595	803307	804362
85.14	814254	819335	802414	804520	804480	814940	818307	804645	803889	804821
85.14	814263	820239	805109	805168	804865	812909	819540	804119	803504	803944
85.14	813048	819083	802907	803437	803553	816501	822536	805705	803054	803348
85.14	815953	821092	805141	804962	805094	817509	818416	804082	803350	804190
85.15	815811	819303	805507	804565	805057	813234	818825	804012	804537	804331
85.15	814934	820752	806195	806167	804799	815748	818731	802232	803110	803855
85.15	813530	818376	804666	805047	804900	814458	815302	803678	802781	802993
85.15	815514	818161	805821	803028	804257	817704	819346	803495	803280	804091
85.15	813912	816102	804089	802186	804287	813472	818636	803884	803812	803453
85.15	815771	824058	807207	805239	806927	814451	817200	803832	802584	804475
85.15	813992	820010	803307	804236	804738	811237	816401	802352	802433	803333
85.15	814277	821359	803402	802877	804892	815474	820700	804923	806120	804818
85.15	818272	819730	802780	803072	805541	815183	819610	804307	803926	804268
85.15	814302	820000	803869	804388	804560	814084	823743	807996	806635	805754
85.15	817048	819585	806035	806857	804819	813455	820797	804044	803719	802792
85.15	815937	821482	804160	803942	806148	815145	818537	805580	804705	805650
85.15	815045	818213	804332	803511	804157	816859	823466	804988	805896	805172
85.15	813754	817091	803310	801564	802070	816472	819806	805376	804326	806304
85.15	815942	821070	805159	805753	806776	817130	820605	805849	805265	804176
85.15	814002	821789	805518	805200	804077	812620	817547	802769	803394	802814
85.15	815150	820412	802375	803469	803855	817744	817378	803032	802664	802613
85.15	814999	820846	801656	803406	803626	816535	821099	805894	806832	806287
85.15	817465	818864	803951	803199	804387	819384	818533	805946	804966	805422
85.15	818231	822538	805499	805788	804731	814531	821558	804420	804784	804723
85.15	812755	817799	803060	803014	802129	814823	818045	803120	803013	803604
85.15	816288	822748	806596	806329	807795	815210	820844	804112	803499	805109
85.15	814950	819930	803530	804543	801911	815584	819280	804055	802110	804059
85.15	814566	818556	804603	804509	802133	817647	820204	805310	806374	806764
85.15	816870	819864	806029	805145	805437	820521	823187	805595	805114	804007
85.15	815716	821359	804366	803798	803977	814223	821240	804526	805386	805618
85.15	815894	818181	804127	804400	804881	812728	818680	803585	802875	803209
85.15	819826	821888	806377	806748	807036	816358	820822	804914	804567	806166
85.15	817833	822169	808000	805283	805710	815804	818718	804399	803501	804364
85.15	815485	821985	805268	805669	806897	815834	819344	804940	805201	806280
85.15	815475	818011	803798	803637	805649	814174	819750	804457	804116	804661
85.15	815729	821821	805850	805200	805143	814961	820811	805144	803290	804932
85.15	815013	819396	803020	805145	804260	813605	819338	805013	803843	806553
85.15	816795	819768	805341	804491	804966	814315	819806	803587	803844	802500
85.15	818104	820598	804829	804963	805349	817176	820888	805265	805075	806285
85.15	816492	819221	802888	803284	804700	818414	822387	804279	805739	805860
85.15	814919	819274	806221	804864	805881	815676	818485	806433	804208	805365
85.15	812061	819079	803110	801692	803293	813685	818346	804617	804450	804558
85.15	814980	819272	803737	803451	805185	817240	822445	805477	805923	805360
85.15	812974	818399	802282	803027	804044	812536	818267	803315	804349	805375
85.15	814552	819714	805308	805281	805543	818071	820099	806516	805321	805544
85.15	818242	818552	804530	805158	803438	817614	817902	807827	804020	805400
85.15	815125	820985	806878	804904	803856	814006	817124	803786	802357	804220
85.15	815968	820148	804887	806157	805676	820741	821300	805302	806562	804154
85.15	817611	822919	806260	806753	805620	813633	815836	804096	803795	804277
85.15	816010	819526	803366	803560	804073	814453	818864	805283	803837	805954
85.15	817023	820774	804102	803756	803012	817084	820039	807116	805798	807004
85.15	817770	819294	806037	803810	805486	813502	817078	802201	802522	805817
85.15	814243	818350	805068	803541	804790	819197	818675	806156	806235	805800
85.15	814111	819116	804341	803474	803892	816850	820085	804522	804025	804841
85.15	815713	820532	805373	804618	805415	819818	819938	805707	805502	805038
85.15	815188	818364	802093	802878	803123	818699	821870	807237	804764	805934
85.15	815237	819714	804222	804674	803148	814321	821112	804249	805363	804927
85.15	813597	822884	806304	804722	805347	816908	819847	804429	804106	804363
85.15	813990	818629	803042	803669	803031	816301	820179	805372	805697	806524
85.15	812071	821186	804112	804584	804913	817292	819406	806039	805067	805499
85.15	815882	817230	803383	803687	804145	815821	822913	804721	805625	805011
85.15	814030	818806	804215	804112	803667	816140	820610	803753	804940	804320
85.15	813491	819938	803913	802521	803467	816324	820555	804584	804128	804844
85.15	816587	821193	804757	807184	805009	814875	817829	802608	804532	804911
85.15	818188	821886	804156	805632	806752	820242	819064	805979	806823	803196
85.15	816965	819045	803486	803681	804479	815831	819557	804154	803992	802634
85.15	814749	816112	803489	803270	803958	816902	822108	804160	803347	804661
85.15	815134	816159	802671	803250	804037	813463	817402	801047	803809	802264
85.15	817162	821107	803867	804157	802677	815051	819086	803503	802803	802838
85.15	818000	819404	804486	805741	805082	818177	824463	804528	806181	806204
85.15	814329	817815	801481	801619	801049	813957	816205	804354	802838	802741
85.15	817479	819752	804031	803495	804425	816588	818424	805672	805710	805809
85.15	816649	818993	805516	802488	804095	817078	821103	804630	805011	804443
85.15	815503	818341	805356	803208	803993	812335	816886	803383	803189	802228
85.15	815822	820284	803886	804809	805070	816499	820340	803454	806072	804230
85.15	815349	819202	802946	804054	803932	814610	818857	804015	805293	804946
85.15	816924	819433	805021	803602	804076	815827	821854	803573	803720	805935
85.15	815086	821488	805050	805242	805182	814515	819056	803885	804997	804019
85.15	814274	817824	803719	803420	802668	814252	817930	804113	802911	803219
85.15	817824	818882	805183	805184	806063	814407	821270	804295	803615	804785
85.15	814169	822158	803859	804459	804081	816159	819481	804293	802949	805723
85.15	816541	818916	804014	803944	803832	814527	819799	804670	805509	805845
85.15	818410	820490	805608	806604	804725	812936	818674	804595	803110	804000
85.15	816068	820266	802602	804185	803976	816864	821919	806434	806290	804332
85.15	817789	821950	804356	805546	804788	817090	821325	804616	804388	805295
85.15	813955	816514	802187	802554	802793	814040	817011	801504	803262	804420
85.15	816263	820688	804593	804960	806044	811739	817024	802290	803440	802080
85.15	815472	818543	804672	804328	804334	814801	816026	804739	802202	804155
85.15	814657	818128	804532	802225	803731	818576	816015	803235	804568	804728
85.15	816320	818054	803842	804835	803488	812158	818569	802842	802798	802591
85.15	817450	818179	803019	804407	805434	817352	818772	803184	804652	803981
85.15	818617	820059	805219	804135	805328	816921	822028	805287	804504	805033
85.15	814983	820222	801765	802181	803081	813799	818326	801599	803051	801308
85.15	814870	817824	803444	803995	803987	818639	821579	805954	805070	803472
85.15	816921	820286	805382	804211	804663	814489	820219	803519	803201	805647
85.15	817000	818124	805639	805696	805720	814620	819618	804586	804553	806271
85.15	813005	816104	802975	802857	803203	816825	818068	805690	805790	805475
85.15	817935	824021	806176	804147	805933	815857	817660	803378	804412	804378
85.15	814721	821972	803498	803902	804158	818822	821711	807224	805449	805051
85.15	814777	817347	802467	801491	802419	814943	818383	805162	804677	803907
85.15	816769	819352	802161	804118	805234	814940	818704	806485	804192	804948
85.15	813921	817310	802599	802721	803227	817360	820232	804814	805899	807020
85.15	816979	820619	806670	806064	805172	818069	820584	804119	804092	804063
85.15	815153	816934	803357	802907	804419	813503	818498	804587	805295	805879
85.16	815520	822008	805710	806625	805550	814861	820213	803852	804931	804400
85.16	814509	821862	804706	805662	805135	816864	819318	805881	806613	806595
85.16	814928	820046	805259	805645	805654	816140	822175	804387	805398	805246
85.16	813769	818165	803642	802724	803968	815228	817097	804910	803807	804860
85.16	817103	819503	802848	802918	802677	814528	818985	803437	803828	803782
85.16	815764	821206	805862	804950	805625	816280	818632	805148	803478	805161
85.16	815586	822458	806485	806331	806371	817162	820024	805026	805173	804908
85.16	816856	819269	803637	803683	804701	815360	817941	802755	802299	803472
85.16	816892	821954	805122	805721	806350	803432	818961	804211	803299	803097
85.16	815238	819460	804054	804603	803645	813627	819621	803715	804455	803162
85.16	816341	819116	805733	804266	804585	813436	819671	802751	802231	803335
85.16	813907	820412	803196	804860	803507	816554	822434	805874	805870	804761
85.16	816620	820301	806532	805576	807120	815834	820376	805216	805817	807176
85.16	814856	820725	807021	803669	805323	814004	815932	801491	803354	801115
85.16	813052	821081	804274	803409	803299	814589	821479	806162	805456	805063
85.16	815768	819955	804626	804899	803581	814874	819092	802983	802684	803786
85.16	815881	820077	803331	802724	803426	815420	819739	803950	803366	804749
85.16	813644	817679	802365	802533	802740	818139	821360	805840	803751	806498
85.16	816008	818457	803030	803045	804448	816239	816213	803991	804549	804611
85.16	816270	819966	803791	804644	805305	817278	821322	803033	804549	803943
85.16	815697	816348	802400	802967	802848	816433	820080	804419	806085	802789
85.16	816231	818174	803733	803364	804372	815438	819382	804897	804219	804893
85.16	815412	821882	804573	805186	804294	816202	821907	806228	805673	805219
85.16	816967	818822	804611	804037	804577	815448	818195	803135	802856	803670
85.16	815006	820162	805541	804378	806186	810826	816121	803445	803681	802798
85.16	813244	819091	803817	803700	802496	817002	820038	804687	802660	803934
85.16	812738	818972	803160	803727	804025	814941	817390	804801	805275	803737
85.16	816836	819428	803784	803380	804621	815100	819510	804264	804109	802090
85.16	815453	819240	803177	802676	803303	815702	819507	804556	805423	804810
85.16	816323	822283	805518	806103	807097	815053	819712	803875	803872	804694
85.16	814190	820256	805083	804920	804909	815308	818093	803082	801600	803012
85.16	813999	820069	806016	806589	807427	815059	822700	806878	804907	806149
85.16	813908	819876	805858	805133	805238	813522	820293	803737	804548	805314
85.16	815456	819756	805630	806647	805640	813862	818481	804690	803118	805098
85.16	814070	819770	805169	803276	805914	816213	821889	805448	805745	806240
85.16	814950	818129	805692	805152	805122	815024	819785	807156	804974	807466
85.16	814309	818953	802055	802469	803397	821126	819428	805569	805591	805081
85.16	818395	820888	804969	805951	805716	815327	818206	805952	803936	804877
85.16	816857	819430	804921	805679	805796	817907	821933	806157	805740	806584
85.16	813131	821123	804948	805186	806987	813804	822537	805684	806394	805711
85.16	815987	815798	804793	803448	804896	816274	819325	805429	804418	804735
85.16	817512	821676	803864	804395	804747	819223	819938	805861	806584	805893
85.16	814585	819988	802273	802912	802716	815333	818769	804054	803362	803657
85.16	814773	821647	804983	803243	803540	815855	821084	805681	805732	807003
85.16	815043	820887	806129	804950	806023	812986	818762	802967	804271	803862
85.16	815324	818957	804151	804368	804272	814025	819361	805238	803967	804189
85.16	815857	821582	803905	804687	804135	816058	819843	804624	805287	804616
85.16	818066	821859	805522	806656	805285	816250	820699	807102	806732	806698
85.16	814564	819874	803839	804647	804691	816912	820465	806262	807562	808201
85.16	814999	818569	804731	804946	804238	815069	820291	804834	805357	806557
85.16	814625	821042	805206	805091	805866	814645	822591	803788	805449	806085
85.16	814949	815768	802878	803876	805234	815015	817792	803579	802889	803105
85.16	815632	820795	805096	805407	806114	814833	820668	803146	802943	802541
85.16	816172	821041	804971	807526	805380	815534	819190	802101	803545	802644
85.16	813532	818477	804287	803296	804444	817510	820734	804145	806323	805247
85.16	816090	819894	805673	804245	806426	815970	821037	805020	804124	803259
85.16	816522	817760	804716	804993	805452	815393	820630	803127	802971	803050
85.16	817026	819251	806086	807385	805275	814842	818472	804321	802885	804570
85.16	815971	819493	804016	803099	804481	813364	816475	802700	802194	801621
85.16	813993	819172	804761	806601	807265	813681	820516	803072	803012	804706
85.16	815475	817359	804551	803792	803014	813741	818914	805923	805525	804979
85.16	814802	821422	803249	804682	803805	819084	820169	805999	805493	806230
85.16	816040	817810	804568	805725	805767	819162	821887	805572	805333	806310
85.16	816528	820359	805221	805397	804793	816413	820863	804772	804835	806279
85.16	813969	818564	802219	802313	802574	813629	821566	806891	807166	804229
85.16	815150	817420	803268	804013	803638	817577	821784	806280	806450	805720
85.16	816045	817698	807218	804450	805505	813800	818000	804862	804578	804496
85.16	814114	816700	805164	804005	805102	817614	820133	804532	804570	803641
85.16	812544	819682	802135	805357	804292	817003	820872	804839	805888	807335
85.16	814284	820394	803850	804901	804650	814650	820200	803271	805376	804638
85.16	813261	817546	802222	802169	801926	814706	819515	804706	803342	802637
85.16	816571	820208	804924	805390	805946	815373	818376	805201	804145	804395
85.16	813277	817428	804454	803034	803380	815270	820877	803821	803896	803231
85.16	813076	816402	804023	803046	803995	817034	818472	803718	802875	805151
85.16	812173	818800	803634	803635	803846	814823	816864	804710	802994	803582
85.16	811427	818462	801244	802676	801925	812385	819558	803712	803627	804291
85.16	813837	817747	804527	804165	803804	817501	821659	804455	805296	804903
85.16	816248	821558	803824	804205	803741	814181	817991	802708	802031	802865
85.16	816100	820241	802973	803798	802337	816392	821392	805448	805358	805918
85.16	813134	822816	805077	804602	803480	812153	815830	803232	803346	803646
85.16	815966	819214	806042	804586	804834	816246	819842	805639	803542	804654
85.16	815615	818195	804599	803110	804018	816008	823401	805687	803154	804612
85.16	813738	818748	804051	802782	802147	819677	819404	807280	806789	807228
85.16	816003	819893	804807	805746	806526	813525	817276	804148	803425	806004
85.16	814758	818262	804716	805725	806237	813064	818551	801125	802267	802600
85.16	813657	817371	802887	802799	802713	816662	818101	804269	803538	803402
85.16	815441	822649	803670	802884	803099	814670	819672	803119	804110	803895
85.16	815640	818799	806075	804490	805208	814728	823743	805054	806287	806250
85.16	815128	817036	804720	804103	805588	815659	822871	803598	804864	804095
85.16	817320	821102	804906	804166	806133	818082	821010	804464	805223	806957
85.16	812064	817915	803963	803476	802155	812216	818338	806065	804802	804051
85.16	814566	814821	803723	802870	805617	814787	818929	802839	802553	804469
85.16	814581	821431	804528	804689	805298	817018	821034	805924	805324	805804
85.16	814857	823546	804378	805895	807182	815652	819774	803752	805023	805235
85.16	813790	820179	804817	804690	803459	812999	818579	806541	805935	805736
85.16	818100	818373	804195	804881	805758	818372	822010	807055	807755	806972
85.16	815660	817868	804156	802369	802112	816183	819439	805817	806037	805543
85.16	813730	821056	804525	804751	803943	815964	819730	804327	803688	803788
85.16	814071	818995	804640	804088	802029	818871	819563	805959	805229	806220
85.16	816417	819847	804461	804180	806057	816886	818414	806076	804377	806147
85.17	816657	823012	804629	806244	806207	814758	818039	805528	805382	806229
85.17	814873	822799	804824	805369	805966	815214	823051	805424	804469	804982
85.17	814093	821568	804012	802080	803499	815570	821016	803515	804721	803783
85.17	816304	817396	803368	803625	804616	818126	820685	802873	804665	805489
85.17	815953	821490	805678	806271	807725	815994	818707	803147	805073	806799
85.17	814500	821777	803953	804848	804396	814181	818665	803398	804275	803255
85.17	816114	819643	804069	802492	803878	815768	818134	805386	804998	806203
85.17	818885	824956	806558	806242	807412	814172	815300	803721	803078	803267
85.17	814502	816950	803886	802735	804459	815376	818381	803325	803726	803173
85.17	814685	819334	803380	803455	803476	815890	821051	805431	805753	805668
85.17	816189	820584	804766	804953	805527	815780	819244	806322	805868	805665
85.17	814442	818741	803310	803456	804339	817474	821881	803440	804425	805252
85.17	814905	817899	805043	803241	803109	816078	818741	805316	803119	804253
85.17	816989	818711	804451	804595	803678	816979	820172	806716	806194	805115
85.17	814048	816944	803070	802594	803443	813912	818725	803374	804306	803567
85.17	813652	820217	801591	801835	801458	815179	820140	803154	803808	805234
85.17	817649	822856	807226	807130	805665	815723	816649	804919	803907	805022
85.17	817133	821591	806115	803395	804950	812539	816599	801760	801857	801353
85.17	816099	821006	804275	804263	803272	814367	819226	803418	803108	804956
85.17	815842	817831	805112	803366	803995	815632	820188	804187	803800	803215
85.17	815024	820497	804767	805479	806667	816209	820601	805501	804774	805487
85.17	817829	820457	806345	804780	806257	814853	818395	803860	802972	804679
85.17	815706	818189	805585	805075	805449	815342	816968	803426	803762	801257
85.17	818278	820031	806196	805675	805626	812306	814812	800924	800611	801982
85.17	816118	818031	806136	804713	804974	816735	816579	806087	804256	804040
85.17	816625	819930	804494	804713	806097	817351	824760	805918	806830	807694
85.17	815106	819194	805020	805660	806133	815316	817352	804603	803805	804144
85.17	817344	820655	806569	804944	806532	816096	820950	803549	803827	802767
85.17	815573	815836	803710	804680	805427	817943	821301	805587	805901	806242
85.17	815416	815700	802456	803346	804279	816682	822946	807118	805583	806293
85.17	818324	817050	805615	805174	804372	815700	823612	805246	806700	806364
85.17	816787	818086	805143	805471	805084	818530	821024	806812	804965	805691
85.17	816714	820237	805757	805580	804094	816147	803713	803298	804984	804874
85.17	818564	821842	805959	805180	805889	812375	817560	803473	802867	803858
85.17	819247	820834	805309	804378	807183	815401	820844	804635	804900	805517
85.17	814720	818606	805015	805711	805054	815462	824106	807440	806116	807442
85.17	814962	816364	803480	803553	803471	815603	817642	805384	806360	803514
85.17	816401	819431	804985	805040	804410	818780	820281	804772	804046	804781
85.17	812725	816715	802683	801961	803540	816711	821285	805369	804180	805035
85.17	813186	819817	803824	803241	803353	816005	818830	803906	803804	805668
85.17	816656	821305	804327	805183	805828	814893	819399	804573	802289	803249
85.17	816554	819717	806322	804304	806290	815571	815908	805456	805386	806492
85.17	815422	822776	804510	804712	804958	818483	821990	805269	805941	805720
85.17	814537	816518	802976	802390	803221	816217	822629	803624	803835	805311
85.17	814192	822792	804483	804784	804336	814933	820942	803832	803564	805037
85.17	813443	819742	802849	803511	802512	814280	820782	804164	804776	805678
85.17	814311	816854	804541	803971	803200	813500	819819	802615	801380	803561
85.17	813506	818082	803018	804071	803178	813693	816940	803010	803317	803388
85.17	817123	816797	801165	803021	803475	815389	819549	802780	803760	803027
85.17	816653	818243	804139	804533	804905	819076	822707	806743	806252	806633
85.17	813233	818782	803982	802317	802437	815198	821470	806693	805557	807703
85.17	814660	818951	803922	802923	802979	812117	817277	803000	803605	804357
85.17	815884	821648	803459	805270	803929	814062	818920	801840	804363	803949
85.17	815256	820375	802523	803882	802872	815612	821025	803653	804122	805163
85.17	817609	819952	805209	804670	804925	814414	817429	804082	804420	802718
85.17	816094	817961	803027	803749	804207	814691	820900	804539	803378	804039
85.17	814988	818570	805553	804224	804918	817202	819400	803466	802994	804919
85.17	816440	817249	805853	803429	803436	817009	821296	804647	804654	804864
85.17	814098	815948	801335	802201	803070	817787	820594	803400	804961	803598
85.17	811654	815745	801128	800989	803462	817724	817633	804639	804930	804648
85.17	817841	819794	805783	806245	806869	816360	817558	804302	803253	805473
85.17	816364	819839	804850	804538	805317	814066	818220	803967	805353	803825
85.17	816611	820623	805505	806554	803506	818464	820260	803229	804174	803509
85.17	817171	821889	807325	807776	806212	818838	818068	801950	802326	801861
85.17	814533	822016	803398	803929	802857	815108	819645	804411	804102	804820
85.17	814486	818578	801587	802463	802016	813779	818190	806069	805233	803799
85.17	816106	821554	804697	805644	803504	813566	820483	803886	804228	803169
85.17	813624	819268	803647	804077	804250	815352	819390	803746	803922	804830
85.17	817746	820351	805922	805530	806605	815376	818217	804025	804833	805504
85.17	816062	820344	803588	804648	804514	816487	823581	805067	805272	805316
85.17	815083	820677	804700	803421	803548	816536	820729	803774	803113	804225
85.17	819998	820885	804813	805109	806439	815965	820350	804449	806650	805595
85.17	817381	817109	805397	803737	804369	816395	821396	806074	806604	805134
85.17	817484	817486	804284	802791	805481	814546	818182	804429	804047	802983
85.17	820569	820673	803212	805188	803566	812861	817444	801762	802233	802233
85.17	819509	826445	806195	806389	804823	818262	821319	806659	806548	806717
85.17	816830	821041	803540	803045	804174	815196	820345	803011	803505	803542
85.17	817053	820758	803850	803075	802329	817903	820772	804291	803865	803933
85.17	815338	817610	802690	801061	801593	813773	818543	804841	803283	802832
85.17	814062	818549	804154	803548	802956	814253	820118	804473	803875	802852
85.17	817446	820179	806025	805933	805071	814057	818904	804902	803757	804612
85.17	814340	819093	802652	804327	806245	812988	820478	802733	803744	804698
85.17	819259	816425	804416	802887	804495	814231	817811	803441	804195	803495
85.17	818177	820206	806452	805382	807392	816217	820798	804317	805451	804349
85.17	817007	821315	804661	802891	804862	816830	819361	802831	805312	804115
85.17	818050	821488	803572	802613	803219	816844	819694	805124	804617	803952
85.17	814280	821181	803824	804290	804778	814092	818403	801972	801062	802536
85.17	817235	823642	805301	805159	804991	817080	820882	805010	804040	804591
85.17	816974	822566	806982	804267	805313	813861	819095	802521	802423	804679
85.17	819126	819154	804264	805051	804515	817945	821172	805247	804611	806451
85.17	816173	820491	804473	803603	803303	815107	818752	805168	803819	804754
85.17	816933	820910	804790	804342	805066	818141	821006	805353	805989	803550
85.17	815326	820607	803514	802794	803679	818018	821409	805841	805373	806687
85.17	813842	821462	804502	806109	806786	816545	821324	804359	805014	805260
85.17	819385	823277	805412	805718	806552	815701	818127	803719	803464	804708
85.17	815602	819042	804046	803158	803563	815797	823285	805419	803430	805314
85.17	815037	815877	801960	802522	802205	815464	818781	804229	805714	804007
85.17	816586	821953	806369	803936	804723	817848	822258	803319	803796	805205
85.17	816070	820800	802954	803627	804330	817759	820153	802913	802785	803437
85.17	814584	818148	805137	804857	806039	814974	819667	803832	803593	805947
85.18	816715	819469	804265	805538	805019	817303	820402	806284	804625	803610
85.18	815417	820052	803565	805723	804761	812638	816114	802382	801827	802883
85.18	816436	821171	803422	803990	804125	817461	821326	805186	803638	805366
85.18	815906	817197	805689	804322	804953	814995	818196	803646	802677	803385
85.18	816675	820885	805023	804173	804822	816609	817266	803483	802281	803740
85.18	815139	817083	802991	804772	802522	816763	822758	804877	803298	805173
85.18	816086	817919	803487	804370	804158	816081	820033	803651	804199	805602
85.18	816636	822548	805867	805162	804335	815994	823278	803942	804918	805449
85.18	815679	820010	803387	802942	803224	816781	821868	803547	805116	805152
85.18	813712	818542	804172	802321	804627	817216	821771	807434	806437	804894
85.18	817606	821244	806356	805713	806145	818686	822748	806596	804283	805791
85.18	817908	821060	803913	804138	806139	817275	817983	804228	804051	803894
85.18	815668	820068	805238	805396	805080	813009	819693	803260	801880	803200
85.18	815293	820142	803137	804426	804362	816352	819878	806007	804958	806025
85.18	817203	822286	805356	805391	804149	816837	820884	805088	805100	804088
85.18	814836	818611	801186	802119	802512	815077	819734	802160	802805	802330
85.18	813819	820656	804433	803808	802493	813304	817215	803351	802788	802139
85.18	816643	819630	803927	803783	803045	818952	820909	806575	804820	804394
85.18	816371	819916	804196	806768	804935	816094	822848	804249	805351	805157
85.18	818355	821512	805276	804324	805151	816948	822618	806398	805802	805986
85.18	812237	818363	803735	802185	800534	814512	821463	803785	803231	803145
85.18	815131	822111	802892	805065	803866	816642	820027	806602	805214	805754
85.18	816089	820631	803543	804235	803653	812023	820593	802344	802584	802753
85.18	817574	818364	804388	803446	804051	814129	816943	802723	802313	801465
85.18	818838	819005	805018	804667	803517	817873	822141	804163	804560	805203
85.18	816304	820398	805523	804055	803273	817730	820825	804617	803875	804763
85.18	813108	820757	803679	804330	802572	814997	818935	803325	804243	803389
85.18	814559	818300	803834	804603	805116	817109	821865	803920	803066	803810
85.18	814047	817687	803241	803229	802537	817438	819584	804491	803044	804693
85.18	817456	821336	805441	806034	806855	816985	820716	806939	805000	804296
85.18	818367	821191	804397	803881	804797	816928	819931	806892	805502	806340
85.18	814978	819150	805180	803979	803552	816608	821148	804112	802749	805177
85.18	816290	819758	803054	802978	803419	814805	821043	805237	805089	805970
85.18	813666	817049	802799	804070	803376	815763	820580	804596	804434	804627
85.18	817085	819791	804275	804965	805968	816531	820082	804023	803006	804560
85.18	814190	820987	804566	804423	803342	815315	822019	804639	804519	805047
85.18	812204	816305	801590	801718	801588	815237	819032	808764	805413	805636
85.18	815625	820344	803688	805325	806056	814342	820122	804092	803637	803073
85.18	810560	816933	803065	801998	803962	817068	820626	804999	804394	806013
85.18	814004	820165	803285	803851	803367	814299	819948	802140	801432	803350
85.18	814774	819309	803649	802077	802481	812166	817207	803401	804469	804762
85.18	812946	816393	801349	801243	801946	817403	821890	804093	803987	806394
85.18	816303	823174	806154	806368	804905	812442	818166	802198	800917	801410
85.18	816793	820302	806547	805940	806158	816447	821671	804605	804962	804010
85.18	813070	816606	801373	801867	801589	816413	819448	803774	803881	802807
85.18	815321	820211	804289	803487	804805	815083	818185	804050	804607	804257
85.18	816155	821620	807798	804777	804777	815668	820654	804571	803047	805883
85.18	814946	819116	804821	804374	803874	816572	818415	803382	804725	804087
85.18	816463	820442	804270	803173	804237	816050	819729	806101	804321	804100
85.18	813638	820142	804557	803361	804429	816743	821080	804761	805219	805979
85.18	815583	819794	803332	804906	804995	819813	818026	805848	806224	805861
85.18	816014	821390	804749	804218	804792	816957	820510	804079	804051	804460
85.18	817850	822455	805343	806086	805112	818377	822740	805603	806016	805533
85.18	818972	823412	805341	804922	804963	815878	820604	804682	805195	805314
85.18	815360	819047	801992	805259	805124	816708	820979	803007	803833	804387
85.18	816915	820370	805412	805642	806545	817155	819494	803210	804340	803958
85.18	816669	820301	806572	805338	804800	819084	822730	804419	803657	805184
85.18	816803	821230	803718	805091	804078	817083	820748	807045	805638	806100
85.18	815290	821088	804454	804227	805173	818381	822856	805117	805452	806804
85.18	814994	822183	807054	805704	805803	814496	820905	803662	803330	804173
85.18	811416	818253	804757	803809	805124	815771	824485	803324	803191	805268
85.18	814233	819573	803466	802014	804475	815001	821420	803858	802324	803450
85.18	815202	817610	804305	802108	802907	817561	823105	805974	806185	805845
85.18	814470	819283	804861	804586	803900	813924	820313	804871	803891	804775
85.18	815512	820860	803826	806010	807895	817733	820490	803637	802794	805073
85.18	820565	822669	805995	805337	805614	815285	821363	803099	803557	803386
85.18	815353	820878	803228	801844	803579	818713	823980	805845	804829	804587
85.18	813486	819083	803683	804758	804742	817807	822596	804836	802808	804663
85.18	815245	821172	804736	802548	801971	815199	821062	805553	803389	805648
85.18	816222	822744	803263	804056	806372	817418	818466	805466	804767	804602
85.18	814066	816715	804659	803344	804180	813671	819365	802101	803414	802239
85.18	813525	818759	803686	802310	803224	815232	819786	803897	802601	804937
85.18	815328	824627	801912	804739	803783	815875	821669	803438	804579	804218
85.18	812609	818278	803961	802506	802988	815460	819878	805067	804996	805164
85.18	813200	819741	804556	805389	804068	816275	821165	802378	804630	804965
85.18	816280	816792	803002	804514	802518	817112	821137	802811	803868	802168
85.18	816357	821170	803563	803049	802807	816514	820110	805422	806055	805083
85.18	818382	822643	806564	804175	806113	816418	817388	803151	803390	803713
85.18	817043	818290	805425	804570	806121	816262	819773	804164	806221	802861
85.18	814080	822055	803835	802621	804869	815086	818189	802811	802870	804925
85.18	815176	821132	804429	804075	804149	815237	821187	803987	804636	803881
85.18	816812	823150	803655	805064	804224	818541	821682	806144	805643	805842
85.18	818478	821466	805041	806167	805214	816110	819378	803814	804482	804112
85.18	813883	817973	804003	803674	803397	815568	820194	804097	804120	805877
85.18	815398	820112	804116	804566	804558	816144	817779	801808	802045	803998
85.18	813956	819722	803017	804474	803840	816128	820928	805145	804221	802960
85.18	814287	820105	805858	807201	806987	814486	818998	802177	802124	803447
85.18	812148	818833	801278	801876	801060	815621	819154	805128	804508	803477
85.18	817134	820329	804477	803898	805040	815866	803490	805137	803574	803803
85.18	814037	821661	803421	804947	804321	814172	818605	804528	802957	804573
85.18	813044	819499	802761	801972	801317	815928	820046	803758	804595	805929
85.18	820517	822931	804536	805493	803840	819065	821651	805030	806830	805653
85.18	812661	818286	803704	802976	803157	818373	821291	805569	806265	804597
85.18	817795	820830	802805	803736	803909	814152	820382	804189	804877	804026
85.18	816862	820366	804640	802511	803530	816431	821225	803680	802229	802368
85.18	815449	818668	802660	803132	803989	817829	820613	802604	803660	803478
85.18	816605	817922	802326	802563	803540	816885	821833	804158	805027	803751
85.18	816021	818523	803298	802249	803231	816458	822295	804360	803297	804621
85.18	816261	818142	803363	802678	803282	816208	822956	805288	804153	804692
85.18	815581	817900	803499	804548	804347	816392	823139	804878	804427	804904
85.19	814301	821501	803267	804508	803446	819494	825121	808771	807079	806636
85.19	816874	822934	804484	805126	804534	814152	816329	802935	802968	803545
85.19	815321	818400	803831	802867	803994	813733	819320	801496	802523	803224
85.19	813187	821930	803181	802667	804899	812526	817968	803919	803189	803800
85.19	817421	821266	806054	804304	804037	816540	816526	803553	804115	803799
85.19	814951	817404	803979	805742	804290	812659	816864	801527	800857	801705
85.19	813687	817788	802598	803642	803876	813964	817339	803886	805066	804974
85.19	814825	822846	802755	805047	803839	816925	821034	805284	804652	805629
85.19	816327	817835	804132	804378	804374	817062	823472	804962	804497	805755
85.19	816763	822840	805120	806306	805580	819231	820904	805482	806585	804862
85.19	815803	818057	804634	805983	803439	815119	818751	802814	803627	802589
85.19	818263	822805	805048	805785	804703	814571	815928	799715	800455	800306
85.19	815970	821365	803554	804704	803786	818140	822168	804910	805191	805393
85.19	816602	822897	805957	804262	806703	816461	822509	805138	804502	805257
85.19	816299	819006	802158	803452	803749	819568	817202	804457	806144	803729
85.19	816150	816405	802968	802768	803399	817893	819117	805569	806251	806217
85.19	818916	822961	805730	804814	806963	818065	821572	802564	805189	804106
85.19	815442	820495	803030	802931	804976	814676	820472	803780	805174	804017
85.19	812863	818218	803246	802379	804359	818096	821958	805759	806236	807171
85.19	812867	819422	802333	801767	802485	815876	818159	804148	803732	803440
85.19	819989	821253	804919	805206	805262	817163	819360	804870	803340	805160
85.19	820126	823632	805610	807496	804170	815956	819867	803470	804361	803912
85.19	818229	824334	806402	806964	805783	818516	820987	804202	805627	805989
85.19	818318	817592	802942	800280	802205	816094	823911	806065	804338	805622
85.19	819275	822246	804982	804216	804453	815953	821063	803959	804603	804659
85.19	817027	826320	806977	807299	806763	814176	818779	802863	802692	803801
85.19	814420	821378	804888	804932	804520	815299	819964	802665	803407	804439
85.19	815699	822220	805839	804671	804965	816117	818908	805167	805960	805638
85.19	815148	821252	805014	803599	805231	814758	818414	803767	801589	801989
85.19	817056	821780	804055	804720	804342	818297	820102	803066	804103	803610
85.19	815498	818537	803634	803958	804690	816483	820118	804392	803816	804320
85.19	813885	820478	803033	803704	803769	820954	825166	805512	808259	807772
85.19	815478	820117	802554	803519	803672	817571	823087	804366	804301	803700
85.19	815746	819577	804420	803891	804727	804278	803860	821124	815340	804042
85.19	809849	811845	802815	803528	801992	808285	811209	802003	801873	802060
85.19	813420	818905	804078	804112	804269	818267	820843	804655	804760	804467
85.19	818840	825855	805716	804958	804909	817454	821807	802330	801561	803229
85.19	818202	822512	803814	803680	805156	812922	822493	802758	800908	803701
85.19	818009	821703	806770	805449	805132	815219	818803	803765	803834	803615
85.19	819377	823192	805488	803946	804391	816495	822918	802964	803439	803283
85.19	813090	818332	802550	802193	802838	818216	822478	806195	805261	807070
85.19	815141	819908	804171	804455	805257	816659	822504	805702	806003	805983
85.19	814826	818770	807048	804768	806666	814428	818728	802172	801731	803589
85.19	810318	817186	800849	800421	801395	815532	818056	804710	802941	801509
85.19	816989	819535	805524	804667	805742	815781	820578	805832	805414	805817
85.19	816508	818984	805066	804759	804743	814406	817612	803807	802625	801786
85.19	813764	817802	803343	802380	804259	815480	816147	803443	805031	803386
85.19	814883	817612	803671	802117	803841	818688	820399	805122	803853	804068
85.19	815860	821081	803684	805135	806414	817088	820568	804213	803766	803762
85.19	815607	818911	804102	802921	804769	813812	820312	804158	803841	804283
85.19	815077	819646	803867	802326	803283	815076	814002	801557	801094	802404
85.19	814482	820084	803567	805567	804943	815694	819888	802839	802067	803647
85.19	812063	816963	803977	803273	804158	814812	820940	802701	803797	803822
85.19	816601	820670	803725	802733	804408	813740	816862	802850	804425	803355
85.19	813893	819708	803433	803750	802009	816028	822524	804994	805357	805041
85.19	818439	821532	805255	803776	803199	816415	820684	802697	804161	805476
85.19	814931	819258	804250	803146	803983	813970	816512	805032	804705	804536
85.19	814821	821386	804914	804661	804753	812071	819180	804570	804853	803334
85.19	817219	822653	806591	803978	805927	814481	822110	805553	805490	803963
85.19	813599	821369	803457	802419	804389	815218	820731	805480	804840	806006
85.19	813217	820832	804233	803683	801814	813660	818852	804551	803545	805416
85.19	810913	813315	803295	804440	804450	810902	814643	804095	804424	805255
85.19	812536	818949	805154	805665	805757	811658	816628	803218	803517	804757
85.19	817493	818820	805637	806441	805664	814566	817966	802721	803323	803973
85.19	817266	818749	803797	803454	803636	815898	816853	803655	804205	803972
85.19	815070	818760	804472	803232	804047	816970	821594	804012	805052	805255
85.19	815428	820150	803743	804391	804148	817994	818416	804826	804359	804057
85.19	816330	820635	806147	806665	806285	813757	816937	803601	803713	804533
85.19	812975	817863	803913	803015	802159	816625	818656	803852	805500	805497
85.19	814224	819837	803541	803160	804184	814498	819312	804914	804179	803852
85.19	815224	821058	803894	804783	804718	818097	819614	805727	806420	807224
85.19	815936	820293	804476	804743	804657	816275	821337	804545	805531	804564
85.19	814282	818168	804517	802951	802980	813847	819711	803373	803332	804215
85.19	816196	821292	807522	805756	807594	813697	818121	802782	802444	803140
85.19	813120	817660	803637	804455	805128	814550	821793	804090	802474	803456
85.19	813695	818763	803872	804422	803691	818197	818357	805258	806547	804434
85.19	815684	820131	803445	805325	802697	815084	820221	802779	803042	803320
85.19	814694	818917	806689	806290	805527	813815	818325	802536	801545	801954
85.19	815177	820513	803601	805133	804416	816745	816949	804966	803152	803179
85.19	816538	820148	806890	805784	804502	816704	817391	804225	803078	802949
85.19	816333	820831	805192	805209	804011	813863	819288	802606	802664	802931
85.19	814155	818553	804646	804426	804751	814778	818453	801764	801811	800583
85.19	817178	821154	804146	803437	804455	814941	818485	803448	804170	802698
85.19	816214	821400	803553	804862	804272	817233	820783	804996	805551	805768
85.19	817690	821796	804636	804076	804940	814432	819079	802839	803298	804496
85.19	815945	820963	805897	803984	806532	816870	819284	804947	803973	804962
85.19	815379	823940	805560	804816	804293	813739	821407	805242	806410	805228
85.19	815622	818879	804314	804000	803417	814557	819676	804502	803852	803612
85.19	818265	822125	806267	805848	805008	812093	817618	801585	802644	802306
85.19	817095	818722	805925	805097	803169	815978	820359	804368	804115	803882
85.19	816479	820260	805423	803745	804557	814690	819016	803307	803888	803294
85.19	815642	820053	803812	803644	803599	814396	816449	803028	804175	803830
85.19	819147	818049	802582	804046	806488	815177	820176	803232	802812	803701
85.19	816493	821069	804877	804677	806501	814768	818650	803458	802886	803273
85.19	819452	820910	806844	806450	805999	816269	820192	804346	802185	803794
85.19	817594	819020	804644	804017	803804	816717	822081	806236	803979	805380
85.19	813771	822943	805288	803947	803508	815576	822599	803548	804626	805303
85.19	817363	820166	805614	804424	806498	814524	819529	803420	803236	804463
85.19	815735	820180	802259	803042	803888	816658	819923	802915	803699	804433
85.19	816585	821806	806279	804553	803722	815330	821576	804629	803490	803438
85.2	815802	821749	803882	802669	803953	814772	818519	802560	804924	803501
85.2	819755	822375	805310	806127	806835	817660	822357	804734	804884	805730
85.2	819952	824994	807534	807338	808341	813914	818470	802366	802230	802281
85.2	817627	820291	805207	804420	805668	815099	818516	802011	801921	803137
85.2	818403	819419	805455	804542	804327	814761	822499	803250	803823	804662
85.2	816150	820088	805780	802892	803518	815967	821560	805242	804929	805940
85.2	817468	822845	803028	804607	803812	814713	816951	802685	803929	803693
85.2	817457	823151	804996	806030	804639	813977	819146	803746	801408	802019
85.2	820510	822640	803952	805999	803437	818101	821152	804769	804680	805225
85.2	817501	821567	804105	805455	805146	816123	821057	803517	803923	803830
85.2	815347	822912	803839	805605	803698	815024	821726	802738	803908	802459
85.2	817046	823175	803574	803138	805268	817064	822497	804970	805662	805181
85.2	814246	818327	803341	802151	803099	816527	819144	804716	804062	803939
85.2	813426	814455	806202	807558	805251	812203	813775	803706	803993	805725
85.2	812500	813135	804594	805165	804573	812867	810252	804653	803601	805536
85.2	810264	812571	803809	804224	803208	810912	810569	803155	802100	804216
85.2	810852	810644	804270	804502	805065	808543	811161	802670	802286	802693
85.2	808737	811625	800575	801410	800811	808270	812416	803414	803236	803696
85.2	811046	813645	802822	803161	803918	812392	814641	804641	804180	804911
85.2	811544	816308	803553	804120	804234	817534	821365	801525	801375	802493
85.2	817643	823074	805237	804575	803786	818566	825410	803099	802126	803385
85.2	819387	823819	804061	802301	802693	818859	827412	803700	806767	805727
85.2	818117	822700	803377	801880	802448	815487	822233	803626	802940	803260
85.2	817678	820311	804795	804921	805391	815256	819522	802861	803157	802176
85.2	818050	824682	805839	805800	805806	818334	822751	803776	802395	803891
85.2	817964	822819	803917	802301	803582	816709	820312	804329	802343	803961
85.2	815726	820638	805524	806981	805498	815614	822483	804433	804181	805052
85.2	818949	826209	806017	807408	807700	817107	824998	804716	804964	804918
85.2	816271	822197	805953	806593	807777	812021	819220	802495	802281	802333
85.2	815908	822472	804633	804994	804626	814486	817801	803617	802256	803208
85.2	814066	823212	804128	805863	803852	815632	820347	801725	802372	801244
85.2	817364	818504	804886	805805	803592	815103	822629	804755	804634	805106
85.2	815917	818795	805879	805610	804817	814513	819145	802185	803687	803342
85.2	816797	819908	799842	800956	801593	817187	821900	804775	804146	804886
85.2	812668	818970	801336	802675	802638	816531	824089	803536	804651	804490
85.2	818099	821855	803900	804768	804781	817802	821072	804470	803135	804981
85.2	812842	817374	802146	801332	801067	818203	821079	804361	806909	805792
85.2	817127	823509	805209	806750	805731	816511	821129	802917	804328	803682
85.2	819005	822533	806794	804074	804913	817984	820597	803601	804451	803719
85.2	817666	820750	804227	804106	802310	817726	819726	803087	804273	803800
85.2	818789	821529	804435	805022	805870	815738	823705	803162	802490	803073
85.2	816727	822768	804866	804352	803496	818113	822408	804795	803431	803911
85.2	817099	824440	804865	804815	807340	818492	821879	804976	805908	804869
85.2	818181	821922	804891	803766	805119	817736	817528	803498	803198	803156
85.2	817956	823403	805890	806173	805646	818815	821534	805293	804963	804377
85.2	815493	822390	803834	804333	803505	813633	820948	803911	803845	802494
85.2	816138	823893	804217	805131	805570	817231	821427	804013	803896	804594
85.2	813520	823231	802269	802133	803026	817409	820951	802678	802730	802932
85.2	816466	823541	801147	802368	802373	821575	822030	804061	804589	805202
85.2	818694	821885	803429	803924	802794	817823	823785	804100	803446	804094
85.2	818890	823216	803281	803551	803169	816991	826087	805086	805122	806153
85.2	818272	822979	804730	804001	805036	818264	823047	804241	804982	804597
85.2	816435	820727	804108	806034	806276	815818	822315	802288	803519	803078
85.2	814444	818630	801226	800545	799221	820794	823526	804509	804958	804124
85.2	816509	825176	802596	803563	803354	816584	822228	804141	804155	803252
85.2	816174	820029	801039	800310	805871	816870	823130	803750	804351	804536
85.2	818773	826395	805641	805669	805306	814406	819248	802837	803205	803112
85.2	819220	826262	805630	805393	804824	814983	821959	804493	804864	804857
85.2	817466	823132	803822	803898	803503	814282	819450	800590	801218	800710
85.2	820329	822437	805420	803871	805781	818746	820513	802838	803126	802326
85.2	815709	822490	803668	804503	804226	817068	824654	804278	803541	802519
85.2	819226	824078	806102	806971	807718	816145	824811	804477	805015	804046
85.2	817047	823098	804122	804678	803124	817238	820801	804541	804405	804307
85.2	819532	822863	805286	804601	805071	821595	821312	804454	804692	804776
85.2	820534	825041	806269	805011	805255	821848	823762	805058	803310	803640
85.2	821436	826899	807113	806209	804803	819607	824481	804143	804006	804258
85.2	820075	827476	805058	804192	804565	816679	818125	802350	801757	802078
85.2	819390	820379	804009	804860	804445	818727	822561	802843	803237	802817
85.2	818065	823127	804997	803071	804279	818348	823536	805665	804679	804993
85.2	820195	821004	802558	803025	805104	820531	823886	804584	803170	805589
85.2	819034	825457	804942	805349	805649	816621	824918	803251	801695	803856
85.2	816687	822644	802863	802195	804336	818975	821975	804071	803897	803701
85.2	816320	821035	802920	802803	802883	814949	819744	802500	801999	802331
85.2	819388	822573	805396	804680	804823	818411	824579	804786	804052	805498
85.2	819886	822837	805465	805322	806193	816296	822286	804138	804537	805948
85.2	819014	824681	803355	801942	805448	818415	821474	802893	802152	802956
85.2	819011	824739	806580	805977	804368	815689	821309	801365	801279	803119
85.2	818838	824537	801073	803031	802804	821152	827579	804265	804710	804599
85.2	818259	822900	805084	804158	805438	821524	824615	804839	803640	803770
85.2	819946	823320	806333	805379	805536	819399	823320	806096	804338	804522
85.2	820393	821627	804405	805275	803823	820137	823965	803242	804280	804145
85.2	815744	821574	801891	801997	802750	818384	823712	805101	803921	802857
85.2	817463	821956	802115	803416	802762	819965	824290	803073	803283	805782
85.2	817262	820922	802759	802987	802707	819130	822199	804528	804909	803517
85.2	818624	822667	803198	804225	804530	820896	822083	805757	805999	805828
85.2	817385	825804	805593	805203	805427	818334	823715	806854	805759	805252
85.2	816482	824969	803470	803780	804060	816619	826256	803873	803542	803984
85.2	818395	822930	803749	805348	804016	820003	822901	806234	804690	803650
85.2	819522	821795	804338	805935	804776	821646	822167	804693	803721	802405
85.2	817125	824071	804517	803853	803042	817471	822668	803736	802423	804869
85.2	820079	824044	803385	805296	804779	820017	823032	805378	804985	805144
85.2	818606	823484	802881	803121	804393	817344	825621	803618	804721	803877
85.2	815916	821339	802433	803185	802952	814923	822353	801642	802218	802667
85.2	821114	825925	804326	805926	804544	816539	824481	802678	804236	804308
85.2	822958	823964	806452	806329	805553	818807	827086	803696	804629	804466
85.2	818280	823187	804178	803439	803090	818693	821161	802569	802396	802825
85.2	819027	822443	801678	802100	803122	820229	821387	803865	804607	803989
85.2	818055	819796	802803	804197	804920	815448	821152	802611	802311	801882
85.2	818327	822464	803594	802623	803305	817038	819246	802095	801604	801811
85.2	819932	824565	805019	806329	806505	818631	822795	803008	804305	803565
85.21	817805	823637	804026	804259	804219	816584	821492	802718	802761	802759
85.21	822912	823889	807987	806294	807382	822070	823220	802603	804568	803985
85.21	815462	822140	802913	803056	803517	822664	822985	805456	804486	805358
85.21	816678	820453	800668	801378	801719	817556	819935	803074	800936	802364
85.21	818608	821806	803446	802319	803304	817598	827873	805384	805248	804232
85.21	818940	822064	804297	803053	802934	817074	823276	804893	803868	805294
85.21	815677	819814	802870	802595	804153	815468	822026	804476	802873	803232
85.21	817590	823644	802729	803818	804107	817717	821504	805302	805304	805828
85.21	817448	821768	803216	802813	803883	817836	820428	803446	803710	804596
85.21	816166	822402	806005	803709	804387	819328	824317	805639	804630	806934
85.21	819404	820930	805840	805606	804715	815389	821447	803132	803226	802306
85.21	816084	821799	805039	804135	803554	816308	826950	803725	804667	804378
85.21	819961	824223	803844	803477	804322	815025	822433	803443	802463	805266
85.21	818765	822638	805240	804871	803573	822169	822296	805317	804606	805936
85.21	819649	825643	804244	804986	802752	819914	824275	804466	805678	803621
85.21	818342	823539	804784	803467	803925	819570	823535	803255	804102	804972
85.21	816358	822169	803953	802600	804866	818166	821158	803874	803119	804391
85.21	817926	824003	805087	805937	804839	817229	824025	802896	803932	803835
85.21	819711	825516	803977	803932	803979	818196	823924	804910	805109	804391
85.21	818158	821962	801642	801777	802824	818621	823475	804814	803524	803769
85.21	817446	820634	803539	804041	806057	819634	824452	805149	804893	805033
85.21	820286	823801	804672	803232	803083	816612	821269	802981	803764	802667
85.21	817901	825200	803020	803415	804095	816729	823603	804392	804208	804679
85.21	818099	825726	804197	804715	805845	819006	820950	804308	805055	804050
85.21	818716	824108	803939	804447	804142	818400	822003	804785	806025	802305
85.21	820301	826333	805766	805582	805142	818036	820613	805283	804174	804016
85.21	820044	825221	803756	803560	804106	820629	823185	803621	802783	802370
85.21	820175	825234	802932	803353	803427	821338	822211	804208	805441	804084
85.21	817253	821608	804373	805381	803790	820416	820238	805019	804971	805550
85.21	820323	825900	804272	805876	803757	817933	824566	803967	804533	803713
85.21	817972	825330	803663	804779	805864	816987	822990	802421	800953	802039
85.21	822757	825119	805986	805740	804419	819204	824829	804448	802813	803676
85.21	820341	824892	805489	804239	806580	817415	820654	802401	802032	803494
85.21	819615	822545	801817	802250	802488	816832	822581	803017	803714	804632
85.21	817051	824921	803168	802861	802940	816103	824443	802561	802535	803693
85.21	819558	826735	804491	804814	805218	818710	824864	803151	803156	805912
85.21	817946	820971	803859	801967	804720	821845	827576	805138	805159	805084
85.21	821124	824761	804316	803616	805162	820229	823140	804822	805114	803656
85.21	824285	828561	806769	806883	805581	825165	825261	804878	805455	804847
85.21	818748	827344	802932	805018	804252	822155	828344	805947	805276	806683
85.21	822243	825924	806197	805806	805724	822334	826969	805047	804305	804463
85.21	819413	825537	804495	802314	803820	824010	830758	806877	806047	806748
85.21	822370	827341	805005	805713	805574	821263	824820	802675	805489	804805
85.21	822982	825715	806293	804540	803832	819154	823900	804081	803775	804893
85.21	824173	826641	804599	803298	804198	817397	821207	802797	804444	804272
85.21	823638	824967	805037	806511	805249	820872	826392	803125	804016	804204
85.21	818168	824318	802088	803585	802688	824430	823994	804094	803731	803655
85.21	820555	824078	805316	804125	804980	818383	824934	803350	801716	803134
85.21	820455	829831	805406	806263	806482	820797	827095	802224	801349	801819
85.21	821863	824590	803090	803852	803254	820920	824691	805057	805204	804685
85.21	822484	828478	806398	806802	806629	821000	829020	805083	804835	804210
85.21	819229	825516	803659	805324	803607	819465	825390	803794	802795	802452
85.21	822159	827021	804492	806892	806784	822438	825047	804919	803967	804903
85.21	823036	826765	803689	802346	803351	820832	824974	802506	802484	802889
85.21	823186	825826	804801	805392	804964	818410	823604	804954	802375	803508
85.21	819563	822429	803659	804714	805420	818838	825133	803379	803504	803054
85.21	819968	826454	805720	804580	804890	817542	823026	802872	803305	802513
85.21	816362	825406	803725	804109	805051	813346	822383	802070	802625	803644
85.21	819226	825668	802823	802989	802139	815806	822456	803537	803134	803063
85.21	814771	822043	803850	802585	803484	819837	822552	803301	802537	804397
85.21	819799	824874	804396	805778	806111	819065	825836	804238	804059	804739
85.21	819033	826685	806210	805633	806047	815648	821359	801022	801157	802797
85.21	816249	824524	804655	804921	805713	819461	821754	802652	801863	803721
85.21	819076	821625	805897	804569	806584	818403	820509	801764	802166	804366
85.21	817953	821568	803937	802865	802251	819715	826464	804157	805747	806088
85.21	817802	824149	804113	804322	804066	818457	824260	804641	804566	805023
85.21	815586	818718	802624	803056	803885	820824	823054	805633	805797	804265
85.21	816467	822815	804316	804894	805274	820856	822377	804519	804265	804108
85.21	816723	822732	805899	803199	805052	818025	823072	805628	805178	805556
85.21	818459	823552	804066	804463	804511	818621	820618	802697	802780	803217
85.21	820302	823736	804420	805525	803119	821338	822359	804608	804693	804800
85.21	819962	829839	805654	805490	805379	818322	822817	804061	805089	804045
85.21	816980	822544	803196	803428	804435	820666	824144	804478	805431	805838
85.21	816879	820788	803160	802323	801423	817100	823665	805569	804127	804955
85.21	819000	824835	803445	803932	804868	817206	820405	803664	802854	802792
85.21	817634	822918	805743	805024	805798	820260	825388	805331	804637	804846
85.21	817808	823242	802883	804276	803697	817438	822148	806255	804118	804440
85.21	815839	823891	805467	804499	805423	814048	821355	803678	801740	803549
85.21	817442	820005	804528	804049	804277	816818	821756	804311	803076	803080
85.21	814739	813656	802467	802525	802626	815309	818488	804254	803432	805650
85.21	816264	821999	803877	802824	804793	819016	823337	803330	803263	803985
85.21	817528	824155	805466	804779	805113	820552	823014	804792	805678	805730
85.21	818464	819747	806153	803870	802975	817380	823004	803466	802685	803538
85.21	818968	822071	805511	804119	805624	818173	820594	804639	804439	803551
85.21	815489	821731	805275	803193	804824	817630	821707	803758	803120	803935
85.21	817754	818435	801948	802799	805017	818180	821994	805024	803914	804965
85.21	817499	820814	805319	804486	804992	812020	819808	800611	800601	802255
85.21	815610	821360	802933	803082	804711	818192	824745	805114	805046	804566
85.21	815015	819755	801124	800145	801462	819381	825901	806397	805991	805351
85.21	823240	824354	805851	805153	806899	816128	820546	803334	803836	802679
85.21	822069	822406	804916	804693	805353	816956	819772	803190	803508	804235
85.21	819322	820190	803670	802356	805168	816894	823615	804843	803498	802788
85.21	821062	824950	806368	804198	805355	816688	825322	804567	804669	805145
85.21	819264	821095	805140	807074	804858	819605	826689	806053	805237	806194
85.21	818612	824951	804470	803632	803688	816749	821413	802609	803093	803063
85.21	815359	821961	800024	801851	802387	821304	823976	805108	804172	806067
85.21	821262	825696	803818	804174	804777	819129	823748	803459	804203	805516
85.21	820844	824782	805362	806623	805802	817334	821909	802232	802928	803534
85.21	816011	822830	804431	803012	802557	817131	823778	804966	803417	804741
85.21	820485	827071	806106	807139	804535	817423	825705	803896	804177	805464
85.22	821105	824193	804003	801724	802846	823705	826380	804852	803976	805095
85.22	822747	825677	805088	804757	804312	819467	824015	806156	806491	806089
85.22	819035	826195	805497	805330	803830	816814	822250	803014	803830	803496
85.22	818278	825216	806257	804905	805514	819850	823352	803358	805450	803912
85.22	821678	826045	804572	805777	805051	818567	825557	804645	803351	804468
85.22	816665	824152	801375	801654	802491	821115	823822	804429	803832	802214
85.22	818488	825142	804508	804165	804593	818159	824979	805365	805088	805265
85.22	818208	823486	803987	804404	802483	821325	823624	803980	802563	803663
85.22	817609	825186	805631	806170	804498	817763	823899	803538	802754	803413
85.22	819579	825981	804809	804565	803388	820212	823445	803663	804403	804124
85.22	823101	824001	802425	803572	803768	819189	821408	806535	805512	804586
85.22	820532	825231	804931	806723	806421	821517	823706	804660	804769	804666
85.22	819260	827537	804202	803830	804223	819783	830014	802844	801655	801354
85.22	821336	825916	805137	804817	806657	819428	826292	804938	804028	804182
85.22	820172	822220	805496	803657	804143	820895	824091	803681	802330	803458
85.22	821122	826541	806680	803750	805856	824102	824381	805012	803852	804537
85.22	820898	827457	804673	803992	803253	817758	821209	802504	802628	801996
85.22	816229	825049	803110	805551	804063	818608	822655	801378	802416	800862
85.22	823114	825770	805482	805618	805974	820183	823884	806074	803965	804067
85.22	821219	826434	804877	804500	805360	818701	820761	800145	801418	800316
85.22	819490	827250	803393	804485	805521	818350	824608	803585	803959	803878
85.22	818272	826037	801548	803215	803409	823269	828163	806543	806375	807152
85.22	821603	825734	803700	804251	804294	820788	824852	806518	806120	804733
85.22	818857	824781	804032	802523	803687	821507	824431	804208	804221	804276
85.22	821981	827577	806609	804986	804861	822813	824323	802757	802612	802979
85.22	819594	825085	804246	804293	803718	817824	824812	803020	804333	803546
85.22	821185	826948	804903	804186	807909	819639	826909	804583	804220	804607
85.22	820118	825155	804011	806453	805207	818891	825328	805156	803344	803218
85.22	818708	825385	804228	804758	803737	816953	825228	803587	802036	803808
85.22	821806	827094	806457	804869	805934	817841	823680	805266	805104	804835
85.22	818569	826926	805963	804253	805173	820319	821647	802932	804109	802218
85.22	818616	822071	804735	803663	803242	818597	826498	804526	804254	806358
85.22	818155	826102	803529	804454	806279	817281	822029	802724	802897	803962
85.22	817591	820040	802031	801663	803086	818277	827534	804875	804743	805221
85.22	819289	821234	804895	804366	805552	817742	823641	804386	803416	805897
85.22	818160	824000	803135	801776	802737	818845	824890	803828	803955	804579
85.22	821381	823636	805945	805248	805037	817858	825618	802452	803271	802258
85.22	816070	821004	805128	804507	804336	819421	825659	805100	805789	806472
85.22	818103	823334	803048	803709	802998	820262	824819	804840	805570	805188
85.22	820744	824535	804588	805642	806930	821864	823402	804407	804259	804129
85.22	818006	823844	804755	803264	802762	819635	824491	803962	805918	803688
85.22	819407	828151	805052	806314	806945	817429	824069	804122	803433	804004
85.22	822532	831047	806219	804373	805225	818589	826329	803963	803565	803209
85.22	823282	828984	806407	807521	805944	821266	824853	803174	804504	802969
85.22	819474	824958	804636	804361	803667	820156	826448	804252	804194	803867
85.22	819646	827302	804809	804473	805001	821127	825771	804221	804408	803764
85.22	818563	828970	804674	803477	802719	819657	824676	803365	803282	804067
85.22	821284	825349	807092	806007	805288	819701	826085	803856	804549	803687
85.22	819235	825460	800396	800974	802856	822633	826786	805539	805666	805017
85.22	822511	826754	803861	804411	803749	820511	826389	801681	801056	801609
85.22	822007	827196	805207	805362	804553	822852	826505	803892	804625	806052
85.22	822838	827152	805826	805068	805991	819214	828415	806844	805557	804608
85.22	819602	828675	804225	803292	803877	821891	829171	805329	805204	804036
85.22	821993	828549	805695	804827	805249	819883	823276	801126	802321	803542
85.22	821687	830442	806508	805611	805615	823349	825668	804073	805250	803539
85.22	821303	827695	805263	804833	805728	819195	828110	803787	803967	802519
85.22	822138	829658	805360	805344	806415	819688	826943	803544	802373	804072
85.22	817056	828354	803358	803392	804478	817974	824746	806769	805862	804442
85.22	819281	821766	802428	802741	802975	818585	827029	803662	803649	804794
85.22	818502	828208	803789	805023	804997	818397	827502	803145	802275	802851
85.22	821746	828458	805046	804500	805528	820993	831280	804575	803712	804636
85.22	818663	825175	802946	804156	802866	820195	820875	803282	802799	803828
85.22	821196	825435	804766	804540	805994	821826	825586	802431	801944	803303
85.22	820238	823862	803124	803270	802254	820323	828051	803651	804459	803357
85.22	821000	828946	806956	806243	805231	821152	822672	804020	802481	804184
85.22	820459	829430	802753	803689	802570	821827	826054	802864	801822	803908
85.22	819789	826835	802019	803918	803640	821673	827562	805029	803882	804931
85.22	822452	827434	806013	805164	805103	822596	829364	807142	805821	806144
85.22	822430	828975	803303	806404	806075	820782	826284	805112	804703	805977
85.22	823420	830371	805123	804949	805594	825372	827023	802535	805065	804055
85.22	820870	825055	803071	803754	803524	823473	825631	804687	804587	805746
85.22	822163	829858	804687	806979	806085	821461	829474	805791	805938	806597
85.22	818550	824353	801482	801038	802825	822322	829397	804521	804153	805526
85.22	822643	829413	804810	805533	805383	822150	826279	802941	804027	804359
85.22	825622	830027	805515	806707	805022	820799	828592	804688	803535	803872
85.22	825190	829161	805583	805618	804984	827279	830167	806628	807530	805606
85.22	820176	830025	804982	804912	804311	824750	827128	804617	805948	805346
85.22	821791	828677	803408	802986	803868	822525	829315	805467	804372	805238
85.22	819907	826528	802529	802462	802135	822309	824976	803756	802778	804218
85.22	822141	830668	804684	804249	805042	821924	829406	804632	804149	803540
85.22	821860	826659	801630	801465	801589	821105	826770	804018	804174	805963
85.22	820541	826992	805589	804042	805074	824834	828803	806286	805756	807474
85.22	821884	831150	804944	805415	804494	823359	826373	804303	804937	804814
85.22	823053	826339	803827	803995	804348	822102	825445	803075	804328	804329
85.22	819835	825215	802617	801832	801797	819293	826795	801800	802881	801448
85.22	821858	828614	803365	802736	803525	820909	824187	802589	801860	802394
85.22	820706	829538	803106	803457	803118	823504	829048	806238	805053	806274
85.22	817961	826960	803148	802257	801303	821481	824123	805795	804253	804865
85.22	817101	824299	802450	802835	802792	819567	827538	804358	804041	804888
85.22	819575	824240	804843	804421	804527	821520	825171	807118	805137	806931
85.22	821414	825064	806367	805188	806228	821608	823788	806658	806632	806568
85.22	818129	825132	805041	802950	805153	816090	820988	802765	803567	802893
85.22	819081	822786	805337	804048	804901	817430	821530	804353	802731	802865
85.22	820915	823775	803796	802852	803557	819525	822657	802034	804508	803372
85.22	822296	828943	804270	803544	803552	819760	826212	804389	804707	804412
85.22	820152	827412	802653	802049	803178	823500	826470	802861	802958	803108
85.22	825941	833307	807552	805135	805562	820640	825840	805240	806113	805808
85.22	821734	828532	802546	803293	803458	820091	825399	801783	802253	802739
85.22	823040	828719	804009	804788	805834	822781	827030	805129	804705	804233
85.22	820925	825633	804475	802193	803019	819171	826770	802943	803726	804452
85.23	821490	831296	804055	805232	804404	819200	824869	801807	802438	803389
85.23	821075	825791	803663	805055	803894	821939	827097	801831	802316	802206
85.23	819269	824900	801643	801353	801582	819509	825540	801743	802278	800693
85.23	820983	827684	804088	802957	804005	822836	827542	804216	803153	804321
85.23	824450	829124	806684	807524	806398	824641	828115	805563	805947	805658
85.23	820958	825690	801297	800855	800986	819235	827554	803982	804821	804266
85.23	819360	826959	803030	802195	803461	820999	831008	802959	803088	803868
85.23	822258	829955	802371	802925	804186	821688	831161	804154	804403	804087
85.23	822881	831628	808195	806224	806232	824378	826899	804578	804439	808553
85.23	821847	828266	804821	804938	805287	821763	824366	801697	803599	801729
85.23	822204	828109	803858	803582	805778	823363	829024	805132	804715	805031
85.23	821857	827456	804610	803111	806497	820190	827779	804978	805919	803975
85.23	823384	827853	804107	805322	802956	821648	827531	801671	801810	803767
85.23	822839	826915	804657	803906	804898	822688	827631	804332	804612	803581
85.23	824536	828536	806430	804983	806571	821489	826957	801607	803050	804018
85.23	824025	827278	806103	806451	806082	820676	828943	804788	804278	804885
85.23	824953	827885	805481	807399	806926	821195	827037	805476	806036	803861
85.23	824096	829314	804945	805591	804431	823055	826760	803523	803527	802916
85.23	822811	827059	803805	804618	804894	822273	827898	806317	804462	804332
85.23	821163	831257	805197	804956	805230	825357	827202	803414	803420	803616
85.23	820889	828236	804455	805004	804432	823576	830699	803134	803809	804480
85.23	822506	829458	803900	802091	802420	823805	829145	806851	805804	805881
85.23	820244	830578	802721	802756	804554	823848	829428	805661	804731	804890
85.23	823725	830969	806068	805162	804513	821070	827104	802355	802446	802854
85.23	822097	826864	801655	802970	801680	821988	829430	802552	803101	805306
85.23	820940	828409	802673	802447	805194	823763	831264	804351	804997	805236
85.23	823227	827935	802848	802781	803608	822591	830181	804201	801811	801860
85.23	824584	825684	804224	803784	804127	822440	804075	802595	802071	803842
85.23	822429	826739	803222	803710	805240	821458	826374	804269	803478	803856
85.23	824394	832348	804805	804570	805281	821592	829584	803815	801462	803299
85.23	818902	828006	801903	801186	801611	822670	828852	804704	804347	803939
85.23	817599	822756	800113	798799	800125	820936	829648	803897	803700	803453
85.23	820865	829314	805165	806186	805325	821638	828119	803462	803673	805384
85.23	819445	826657	802374	801947	802930	826154	834175	804417	804253	805015
85.23	822380	827020	804163	804602	803428	819733	827152	803475	802768	803921
85.23	824797	829566	804090	802402	803788	823180	830240	803118	804281	803719
85.23	823718	828008	805758	805884	805926	824258	832195	804043	805591	806582
85.23	821850	831130	802847	802588	803888	825204	826469	804832	803389	806530
85.23	816549	822503	800757	800354	800612	817735	824388	802750	802619	802422
85.23	819440	827111	803990	803821	804262	820572	822653	803831	804774	804281
85.23	815005	823802	803664	803783	802905	817152	822575	802110	802966	802763
85.23	818196	821215	803219	803487	805153	820660	823159	803911	804164	804825
85.23	818146	824242	804631	803643	805063	816882	823050	803107	801836	802339
85.23	817587	822519	803510	802067	802946	818583	824131	804351	804091	802984
85.23	820141	824518	804058	804496	803275	822208	825733	803668	803649	803722
85.23	821826	828207	803830	804840	804532	817771	824599	802688	801450	800226
85.23	822524	831428	802825	803077	804843	826328	831579	804330	804856	804707
85.23	821789	829728	802819	804253	804086	821645	832452	803693	803069	804567
85.23	822609	831122	802341	802999	803566	826893	828701	805313	804751	806352
85.23	820895	827334	801730	802224	802435	822619	830733	801627	803219	803165
85.23	823671	828735	804399	803864	804098	823654	827843	802413	803284	803451
85.23	824348	831857	805353	806194	805846	824752	831485	805489	804637	804961
85.23	827464	830938	804845	805675	804789	822802	832454	804482	804804	804715
85.23	824775	829391	802143	802298	803697	822929	829791	805055	803684	806042
85.23	823268	828451	802284	801492	800552	826876	830437	804187	804621	803768
85.23	827030	832112	804388	805761	804833	825164	833687	806612	805040	807155
85.23	822257	831964	802866	802496	802966	821467	827826	804218	802249	803767
85.23	823865	831153	801687	800898	802522	826335	833017	803456	804085	804389
85.23	826133	832645	805377	804349	805338	828256	831150	804125	803735	803551
85.23	827053	832692	804300	803603	803788	824695	833078	802658	803413	802745
85.23	822084	827806	801395	802863	802561	825457	829200	804376	802168	803885
85.23	826995	829187	803742	803658	804273	821956	832346	804237	804696	805170
85.23	823684	831687	802449	803495	802470	820762	826604	802039	803989	803035
85.23	827034	832168	807393	806081	806983	823924	829714	803449	803718	803006
85.23	823856	831939	804822	804781	804334	826199	831783	804783	804903	805859
85.23	822595	827833	802091	802000	802717	823191	829002	804071	803892	803065
85.23	825524	831754	805173	807022	804622	825047	827646	803443	804353	804519
85.23	820901	829686	803074	801900	802982	819322	824760	802451	801403	802867
85.23	816818	821134	805718	806138	806899	807582	808765	803309	803911	802804
85.23	822610	828375	804338	803228	802741	828943	836257	804783	804465	805820
85.23	832771	841430	806769	807406	806660	830413	834565	802251	801552	802392
85.23	823465	828537	803524	804920	806052	826130	833726	803244	804658	803646
85.23	835085	840750	802945	803150	804346	830382	838295	805113	803902	805264
