85.65	813076	815575	805327	805962	805398	811953	812565	803341	802574	804056
85.65	814080	815340	805457	805412	805832	812922	813944	805182	805495	806579
85.65	812464	816180	806520	805301	807211	813408	815039	805693	805617	804790
85.65	813012	813790	803853	804550	805872	814012	817799	804806	803931	803700
85.65	817441	822186	805927	805407	806900	814172	819145	805723	806747	806425
85.65	815702	816618	805697	806274	804794	816744	820526	805875	806077	805648
85.65	812075	817487	805000	803711	804014	813475	818809	805013	804095	805075
85.65	811935	816006	803203	804145	804334	811213	815660	803799	803179	803822
85.65	816371	817902	806610	805203	807682	814248	814843	803221	803260	803075
85.65	813395	817510	804629	804767	805347	813155	813579	803605	803159	803307
85.65	814460	817202	805832	804171	806037	815404	806958	806865	806770	806655
85.65	816344	819481	805699	806062	805593	815579	804252	806342	806578	806577
85.65	813270	817599	804878	804167	804177	813906	819608	805023	805156	804424
85.65	818072	818385	805985	805091	805440	815166	821196	806773	806862	805272
85.65	813833	820532	804586	805150	805770	813765	820843	804614	804080	805728
85.65	815643	816083	804870	805090	805115	815895	821349	805482	806220	805328
85.65	819338	818395	807255	805300	806227	815668	807035	805858	805843	805347
85.65	814007	816192	804035	804618	802385	813865	816128	802776	802917	803775
85.65	813397	818927	804164	803574	802815	812836	820966	803496	805706	805548
85.65	815048	816182	804667	804475	804536	803727	817046	803907	802563	803824
85.65	814472	818137	803987	803416	802880	804411	818019	803410	803120	802937
85.65	809791	815322	803840	802408	802198	815920	804325	804026	803620	805588
85.65	811372	812569	800077	800357	801429	814368	816769	804062	804274	804418
85.65	812781	813682	803560	802032	803360	812569	814013	803541	802673	804365
85.65	812955	811843	804259	802575	805512	813492	815462	804091	802757	803836
85.65	812372	818005	805470	804816	804433	813042	816485	802257	802046	803030
85.65	816969	817861	804981	805173	807628	815138	816385	803815	804568	803850
85.65	811334	817071	805084	804624	805583	813034	815979	803424	804672	803716
85.65	814355	816268	806661	805017	805053	804912	810869	804109	803539	802454
85.65	813780	816406	805670	805166	804402	812678	814076	802050	804250	802675
85.65	815130	819799	805689	806590	805258	813273	817719	805163	805077	804692
85.65	816378	817551	805465	805476	806102	815381	817671	804073	805455	804934
85.65	814534	819024	805406	806347	805273	813465	816983	806217	805276	805010
85.65	817038	817793	805320	806033	806644	815515	817922	805218	805105	805774
85.65	816142	820899	806936	807049	806739	815498	818490	804435	804924	805382
85.65	814700	818616	804904	805970	804938	813857	816401	804446	804760	804189
85.65	816957	820237	806294	806163	805543	815095	816067	805498	803555	803348
85.65	815642	817606	804840	804797	805043	814088	818335	802234	803780	803028
85.65	813654	817960	804920	806273	803722	816665	818014	806116	804837	804070
85.65	810776	817757	801606	801277	802777	813003	815363	803857	802492	805020
85.65	814760	818441	805762	805659	805771	815750	819755	804403	805218	804256
85.65	814689	817917	805099	804161	804501	817996	805539	805794	805631	806403
85.65	817968	821156	805535	804074	803800	815250	817657	805647	805946	805107
85.65	818649	817995	803808	802482	803829	816405	817907	804272	804068	803638
85.65	816229	820764	805930	807354	807162	814768	820828	804772	804241	804246
85.65	816522	819358	805222	805056	805433	816878	805008	806453	806034	805664
85.65	815059	819372	803666	805193	804368	811778	820352	804260	802028	801896
85.65	815627	820474	806452	804720	805619	814141	822370	804929	804058	804038
85.65	815127	819150	804196	804977	805369	816001	804983	804904	805941	805440
85.65	820285	818257	806482	805331	805627	814166	821152	806751	804741	804399
85.65	819711	823988	806027	808274	807177	818573	818695	808219	806558	806571
85.65	818355	819393	805345	804464	805108	816356	818628	802770	801010	802115
85.65	817408	822151	802449	802707	803732	818945	819539	803663	804620	806791
85.65	815412	816488	802963	802449	805030	815409	821629	803769	804774	803678
85.65	812909	818233	803569	803372	803243	816248	819607	804228	803895	803489
85.65	813912	820813	802810	802849	802079	815039	819557	802298	802342	802931
85.65	813860	818521	802112	801629	802984	817029	822957	804445	804352	804754
85.65	814589	817757	798342	799961	801818	816154	822365	803604	803744	803230
85.65	814322	816580	798670	799139	798520	819087	819867	803112	803332	803322
85.65	811132	819820	800634	800508	801500	818336	822820	805801	806296	806060
85.65	810816	814498	800317	801708	800369	814913	802006	801924	801206	800749
85.65	811126	815614	799672	798490	799958	813989	803355	803372	802689	802199
85.65	815025	821226	802259	802371	802382	812982	821548	803573	804328	803945
85.65	815181	818788	801744	801632	801816	817464	822163	804129	805201	804066
85.65	812560	818185	801843	802155	801792	815924	820862	803871	804188	804554
85.65	815595	820759	801393	801881	802122	815823	825087	806211	805059	805147
85.65	811614	817596	799378	800905	798522	814497	821965	802276	801780	801660
85.65	814132	816585	801730	801240	800866	815716	821129	803165	802643	803796
85.65	815284	820170	801845	801802	803631	816907	823211	806625	805298	803932
85.65	813238	815572	802790	801664	802215	812698	817156	802456	802343	802503
85.65	815045	817884	800070	802083	799310	817877	823322	805812	805663	806854
85.65	812040	817386	798548	798244	798310	816955	821053	802650	804075	803494
85.65	813877	817190	802024	799735	799735	814233	818877	801511	802564	802155
85.65	815171	819081	801317	801439	801683	818218	819648	802686	803276	803353
85.65	812493	817081	799445	799739	799629	813624	803185	803530	803868	804354
85.65	815850	819548	802394	801418	802125	815960	821472	804015	804060	802335
85.65	813420	819525	802724	803097	801498	815492	819435	802635	802143	803392
85.65	813927	818411	802203	800698	801964	817474	820489	803023	804066	802776
85.65	812483	815397	800672	799020	801629	816667	821854	804602	804527	805593
85.65	814251	818792	800486	800043	799508	813946	822539	805769	804237	803940
85.65	813832	820470	800702	800323	800532	812722	817755	803417	802412	801821
85.65	813604	818779	800153	801066	800606	804748	820257	804236	805140	805555
85.65	814883	816628	799821	797986	799215	816462	801222	801552	801537	801154
85.65	816039	821300	804803	804288	803554	815718	821866	803135	803382	802822
85.65	816029	821198	805748	804647	805887	814818	821765	803315	804470	803176
85.65	818850	822903	805572	805382	805532	815702	820290	803979	803851	804992
85.65	818562	821852	803129	803958	803797	820135	822735	806333	806489	806919
85.65	816180	820196	804201	805191	803809	816981	820197	805331	804685	805418
85.65	816871	821563	804098	804435	805914	814567	821210	804071	805707	804712
85.65	817037	822258	807618	806077	804924	817738	821949	805414	802812	805047
85.65	818748	823928	805023	804065	803536	817247	820008	804972	803101	804048
85.65	818571	821821	807633	805204	805184	813379	817836	802796	802342	803628
85.65	814892	819081	804260	804254	804702	816802	821489	803884	802735	803082
85.65	816190	819454	805762	805893	805658	818248	823139	807159	806724	806615
85.65	820507	826831	807846	805840	806249	815007	821146	803504	803521	803583
85.65	819367	824719	806601	805647	805505	818046	821521	805981	805216	803632
85.65	815673	820715	806618	805861	805949	814861	821346	803120	804089	803010
85.65	816461	819726	804877	806245	804658	816481	821195	803885	804858	805035
85.65	816566	820552	803939	803132	802534	817759	820447	801906	801624	803768
85.65	818379	824734	804046	804170	803195	818130	824017	805241	804691	805021
85.66	820044	821375	806202	806542	804995	803760	821856	804660	805456	804174
85.66	817284	823253	805535	805723	806061	818459	819545	803001	802281	804512
85.66	817106	821102	803178	802482	802803	804502	803698	802559	804321	804082
85.66	818750	824574	807022	806584	805558	804479	822901	802963	804135	803702
85.66	817142	822925	805155	805305	803289	803860	803287	803923	803575	804093
85.66	820125	823363	807719	805221	806669	815459	820947	806306	805278	805359
85.66	816359	819402	805817	804993	805524	816882	822199	803966	803095	803585
85.66	818581	822378	805694	803532	804632	818386	820785	805164	805654	805390
85.66	818015	820610	805724	804108	805130	817112	820622	802279	802669	803706
85.66	816006	820224	803793	803044	802327	815734	818253	804454	804773	805541
85.66	816647	819553	805735	803707	805199	816535	821770	803910	804558	804786
85.66	814628	820658	806256	804750	804482	803595	818447	804301	803771	803336
85.66	814542	822076	804932	805444	804841	815508	820383	802470	803080	802516
85.66	813632	818045	804481	802586	804131	817648	823290	804766	804012	803294
85.66	809963	817374	799927	799814	799114	817502	821849	804236	803095	803562
85.66	815865	822951	804011	803741	803391	817697	802428	802453	803266	803298
85.66	812626	816099	800012	800353	800876	817171	819884	804083	803991	804670
85.66	813069	818463	800811	801084	801422	814678	821596	803907	803711	804153
85.66	812233	814240	800745	800433	800351	818759	816774	805664	805339	803885
85.66	813391	820804	802445	802073	801704	817268	804579	804705	804249	805578
85.66	811581	815533	802651	802146	801611	805041	823544	803794	803230	803345
85.66	813277	815539	799692	799013	800712	816987	822797	806485	805875	805807
85.66	810970	815410	798303	798044	799075	811393	816976	803824	801190	802042
85.66	812586	819043	800696	800736	800635	814262	818725	802979	803165	803890
85.66	813160	818798	803570	803225	802338	815545	803803	803111	804509	804246
85.66	812616	819249	800067	800073	800575	817720	821734	805356	804339	804645
85.66	814978	814678	802634	802645	802305	815099	821605	803142	802786	804362
85.66	814584	816833	801889	801909	801696	818727	822095	801753	803858	802487
85.66	815368	821641	802801	800790	801505	815360	823607	805497	805034	805630
85.66	814830	824324	803642	802986	802720	817553	822659	804432	804030	804619
85.66	810162	817644	800218	800742	800269	817519	822516	804304	804347	804520
85.66	812477	817233	797630	798112	798253	819794	819505	804221	805091	806067
85.66	813595	818619	800796	800447	801377	816547	820399	804459	803870	803818
85.66	813414	821017	801695	800652	800374	804590	820471	803468	804226	804154
85.66	814939	819476	801949	800851	801401	815491	817554	803106	802926	802812
85.66	813465	818520	802234	800743	800641	804207	802923	804236	803702	803066
85.66	814813	820193	802197	802823	802444	806575	822382	807480	806467	805976
85.66	813187	818641	801209	800984	801070	814574	823176	803870	804994	806472
85.66	816641	819065	802409	801605	802100	817820	819696	805143	804140	803638
85.66	813810	820750	801630	802203	802462	814289	821029	802963	803654	802775
85.66	816041	819900	802494	801915	802737	816911	821860	804098	804003	803580
85.66	818548	821179	803064	802997	804975	818171	823567	805637	805990	805444
85.66	812409	817625	800426	800843	800610	804576	819294	804367	803510	804082
85.66	810364	816416	800370	800466	800778	816643	822313	802480	802864	804307
85.66	816631	819672	801085	801463	802688	813199	818576	802651	801939	802040
85.66	816695	817157	798614	798880	799902	816255	820593	802791	800707	802904
85.66	811406	814170	796726	798161	798032	817644	821549	805798	804245	804449
85.66	815272	818451	798584	800962	800248	817392	806349	805429	805379	805533
85.66	812430	818291	800516	801104	801008	812644	818171	802089	802007	801938
85.66	814885	820461	802828	802262	804075	802383	821911	802198	802594	803341
85.66	813891	820498	799885	799879	799659	805300	822004	803728	803106	804379
85.66	814317	820174	804332	800489	801494	815973	820494	803663	802043	805334
85.66	816013	817587	801827	803891	802232	815609	820464	802891	803346	803499
85.66	813703	818636	800982	803174	801950	816624	803042	801931	800613	801727
85.66	813862	816753	802069	800260	802050	820297	822321	805399	804263	805245
85.66	814740	818193	801987	800598	801430	816308	803327	803886	803098	803469
85.66	814553	816281	803622	802655	803392	818889	823020	803889	805138	805324
85.66	813784	820131	800771	801688	801341	820296	823103	804780	805064	805778
85.66	814570	819949	801935	802168	801992	813695	819078	803560	803698	803479
85.66	813053	816951	802870	802326	800374	814828	821324	804047	801755	802138
85.66	813072	818875	802094	800889	802674	814266	801203	802710	802300	802935
85.66	812394	819003	799063	798205	798987	816566	821880	803534	803926	803640
85.66	812560	821371	800018	800080	800697	820391	822105	801864	802864	803780
85.66	817494	822068	803706	802422	802482	804525	821285	805007	803969	803872
85.66	814811	819635	802979	801920	802756	814377	821477	803023	803216	803171
85.66	815827	818835	803937	803528	803786	814091	818967	802150	803131	802774
85.66	815108	820967	802271	802616	802721	815684	803940	804492	803636	804538
85.66	815210	819499	801923	800746	801043	817788	819129	804332	803205	803496
85.66	814712	816472	801166	800511	799304	815227	823074	802460	802667	802972
85.66	813055	817335	801089	800954	801347	814851	818680	802410	803336	803040
85.66	813054	818283	799817	800855	800424	818695	819982	804270	804507	803659
85.66	814721	815554	801888	802932	801183	816404	803700	803279	804429	804842
85.66	814072	818265	801501	801307	803084	815992	820790	802232	803310	802966
85.66	815123	819820	801721	800874	801102	817195	824427	805021	803833	803340
85.66	817545	823407	803397	802989	804252	817333	820206	805699	803885	804799
85.66	812518	817663	800885	801459	801636	816839	823661	803704	804243	804216
85.66	813467	818002	800210	799220	801117	813084	802386	802832	802131	802886
85.66	815308	820814	802431	802113	802666	802530	817841	802971	801650	802055
85.66	815036	820087	801475	800339	802825	818750	805989	805016	805169	805195
85.66	815373	822046	802249	801471	801672	818473	821459	803243	804319	803548
85.66	815112	820123	802296	802452	802427	804984	819088	804858	803966	804913
85.66	813084	820248	800889	800909	802125	804093	819781	802990	803343	803901
85.66	814300	821759	802523	801915	803474	817317	822111	803821	803824	802789
85.66	813810	817724	801859	801787	803108	818262	821776	805587	803623	803536
85.66	814134	819400	800558	800942	800968	814069	821445	802107	803072	802554
85.66	813228	818116	799461	798362	800185	801577	801219	801535	800069	801678
85.66	816699	817526	802314	801973	801804	815132	819819	803894	803159	803331
85.66	813477	814710	798895	798899	799000	816663	819994	803776	802914	802927
85.66	813021	817607	801129	800669	800274	817745	821795	806388	805268	805510
85.66	814199	817968	801947	801140	799642	813815	821227	803948	804339	803397
85.66	813487	815700	801750	801864	800924	814687	801926	802399	802149	802648
85.66	816804	817986	802404	802326	800798	815001	819010	802656	802593	802189
85.66	815718	820558	804660	804679	802976	818582	822762	804279	802785	804578
85.66	815196	822428	802651	801461	803085	814636	820626	803810	801968	803384
85.66	812723	818328	802046	801488	801944	818904	804171	805563	804492	804942
85.66	813755	817909	801387	802150	802313	818321	819233	803292	804652	802853
85.66	816798	817940	803939	802939	802834	803819	804801	804338	803639	803775
85.66	812329	817011	800879	800912	800150	813959	802194	805477	802815	803836
85.66	812629	817409	800620	801364	800907	804305	819599	805407	805071	805729
85.66	815403	817323	802285	801814	803403	813294	820488	803139	804233	804464
85.67	818787	822038	805491	804891	804073	813894	803973	803854	803709	803669
85.67	816401	820943	806215	805087	806542	815931	804860	803436	804586	803303
85.67	809649	811988	803402	803762	803544	812146	815197	805526	802881	804266
85.67	818573	821294	806440	805155	806195	816488	822254	803466	803563	804165
85.67	816771	821479	805446	805217	804118	813919	802725	803963	802337	802752
85.67	813900	821856	802628	803052	802627	804664	814837	804971	803974	804339
85.67	815210	821877	802017	803132	802583	814184	804595	803306	805042	804004
85.67	813431	820579	802954	800197	801262	803855	815860	804745	805621	806311
85.67	815231	820369	802504	800264	800515	816915	823399	803218	802851	803644
85.67	815588	823177	804727	805047	804333	816660	819566	803900	804981	804265
85.67	813668	816735	801566	800929	799295	819361	823182	805816	805624	807761
85.67	811910	815963	801002	801567	800414	818667	817844	804208	802561	805244
85.67	817053	821154	802774	800765	799731	815159	803892	802935	804514	802779
85.67	815448	820127	802576	802168	802046	814208	803459	802184	803353	802989
85.67	814079	817114	802937	802534	801948	812890	803958	802892	802917	803547
85.67	812867	818197	803187	802616	801562	813650	816356	803167	802999	802660
85.67	810747	811328	803284	803740	802170	819399	820401	804214	805851	805332
85.67	817393	819222	803101	802197	803701	816264	822088	804771	804891	804075
85.67	817553	823133	806046	806029	805484	815532	802756	804776	803358	805036
85.67	817083	820713	806624	804881	807176	809597	804684	803117	803192	803743
85.67	818551	821761	805363	805337	804875	818159	819634	804238	803327	805045
85.67	816711	820764	803748	803926	805789	816087	818693	802497	802652	803549
85.67	815290	819649	803606	803282	803614	819311	818922	804680	804809	806299
85.67	818919	822830	804866	804207	802591	816498	804777	803766	803793	803927
85.67	815908	817148	806059	804479	806275	803863	802477	802021	802277	802080
85.67	818383	820910	805325	803620	804328	816909	820145	803837	804343	803876
85.67	819409	822508	807146	805941	806986	816696	821641	803308	803966	803174
85.67	815049	818704	805045	804867	804891	817768	822298	805041	804671	804184
85.67	816139	820641	805693	804449	806295	818370	821485	803895	804598	802833
85.67	817360	820377	804263	804197	803877	815539	821379	804402	806778	805265
85.67	821121	825571	805653	805597	804621	818028	805705	803055	803175	803638
85.67	818461	820198	806352	805648	805462	818580	803666	802583	802753	805847
85.67	818423	826199	806787	806543	806132	818922	802098	803895	804168	805171
85.67	819418	824759	804710	804867	805336	816700	820686	804886	804642	803800
85.67	816185	817839	803205	803417	802895	803869	818241	803302	803788	804038
85.67	820096	823370	805484	805372	805463	817291	820454	802529	802345	801569
85.67	821347	823888	806499	807521	808723	814407	822302	804327	804191	804120
85.67	817029	822253	804058	804135	804219	815929	806055	804946	805367	805154
85.67	815010	823538	805530	802931	803359	815595	818447	804887	804030	804364
85.67	819996	826958	807434	806807	807313	813639	820489	803717	804557	803548
85.67	816667	822147	804558	805492	806398	817183	819649	804438	802411	803779
85.67	817403	823471	805634	805484	803793	805388	822753	804582	804827	804621
85.67	819745	821908	804410	803838	805452	817182	822316	805293	803906	803541
85.67	816536	819983	805220	804971	804604	806839	807478	807447	806223	804962
85.67	816471	820554	804530	803680	804307	816840	820924	803344	801701	802778
85.67	816263	822379	805697	805453	806039	815529	822443	805488	806095	804767
85.67	816967	821858	804020	803642	801470	818867	823397	804321	804818	805017
85.67	816405	821430	804150	802782	803138	816770	823110	805156	805350	805301
85.67	815872	821992	805427	804414	805264	804869	805486	805770	807644	806658
85.67	819272	824423	807129	806309	806015	803930	819892	804248	804861	805136
85.67	819336	822471	806094	804428	806898	802908	819325	801992	801608	802184
85.67	817052	823357	807058	806940	806262	814169	804326	802079	803881	803014
85.67	813158	817716	802339	800031	801159	815297	804155	803988	803575	802757
85.67	814105	821069	802705	802186	802073	816341	820649	804220	802998	804487
85.67	814877	815555	798819	800553	798797	817285	821564	802159	802723	803084
85.67	814646	820043	802144	803085	802003	804303	821070	803837	802737	803296
85.67	814717	817540	802092	802272	803578	805840	806913	805251	805558	805289
85.67	814705	821497	802295	800554	801426	815371	819843	804564	803047	803193
85.67	812309	816682	800611	800311	800333	803097	820058	803919	804139	803716
85.67	815180	819521	799992	800805	799343	814168	819583	801651	802789	802466
85.67	812660	816793	799950	798996	800248	817507	805072	802904	803101	803538
85.67	816664	820367	801532	801562	801375	814855	818046	804671	804019	802816
85.67	812776	816329	802215	800315	799870	803475	818802	803072	802772	802956
85.67	811593	816560	800280	799100	800626	814812	819061	803915	802802	802818
85.67	814845	817709	802236	801992	801776	816306	804726	806457	805519	804390
85.67	815439	815678	802067	802015	802839	804378	821334	804975	803921	804110
85.67	814932	817654	801955	800993	801810	817810	803799	805678	803647	804767
85.67	816164	818647	802794	802781	801835	805711	820981	806176	806086	805174
85.67	815649	814564	804406	803726	803179	804357	818612	803402	803982	804417
85.67	815772	816136	803489	803289	803586	806424	812573	806209	805046	804816
85.67	813740	816068	806027	803874	804497	810721	803791	804124	803316	804700
85.67	815035	823091	803707	806070	804573	809894	803642	804143	803132	802993
85.67	813718	816247	803324	803730	803496	803747	802792	803898	804466	803452
85.67	817036	820545	804361	805223	805804	816490	818551	804221	802777	804145
85.67	818868	824804	805981	804874	805042	814127	818534	803790	803473	802049
85.67	816355	820295	804964	805725	805116	815361	820207	805205	805441	805790
85.67	817956	823739	804861	805957	807556	817849	820658	805135	803576	805954
85.67	815869	821567	806267	804704	806103	815032	820685	803912	803688	804741
85.67	816287	823659	804262	803602	804305	817496	818996	803531	803362	803470
85.67	817697	820679	803908	803627	804016	816175	805868	805590	806961	807457
85.67	817340	823438	805681	804562	806101	816339	818862	804236	803408	804353
85.67	818845	821583	805921	805514	807098	816423	819542	803148	803164	802709
85.67	816038	822541	803065	803885	805251	814652	818282	803405	804150	802614
85.67	815537	821931	806282	805484	805553	815342	819161	803214	803459	804333
85.67	818688	825685	807263	808073	805818	802995	803860	802634	801400	803772
85.67	817919	822760	805287	804011	806877	806700	821843	808730	807221	806989
85.67	817759	821231	805509	804064	805340	817185	822700	805737	804204	804016
85.67	820415	824068	804190	805891	805124	804967	823787	805151	804791	804880
85.67	817436	817573	803864	803217	803394	803658	821370	802592	803947	803371
85.67	815882	821974	806034	805984	805562	813829	804080	803159	803737	804442
85.67	817460	820793	805609	805845	804863	803405	804483	804369	804979	804637
85.67	818643	819961	805269	805355	803920	815365	819546	803492	804421	805128
85.67	816794	817916	804461	804891	806560	804057	812322	803781	804021	803828
85.67	817576	819850	803748	802983	804260	803618	812783	803802	803590	803426
85.67	817392	822123	805422	805681	804431	816601	819838	804452	804526	803327
85.67	819919	823313	806846	807319	806133	812772	819592	804930	805618	803271
85.67	821979	823894	807321	806160	806762	815470	803387	804488	804894	804126
85.67	817294	820551	805308	804132	804072	814390	802580	804085	804502	804374
85.67	817843	821711	803993	803949	804699	814732	804440	803565	802972	802884
85.67	819281	824323	806445	806428	806018	815880	821881	803465	804873	803236
85.68	816159	819400	804047	804478	805108	816331	821970	804756	805308	804512
85.68	819025	819573	805071	805345	803964	818203	820013	805741	803777	804455
85.68	818435	824249	805204	804361	807094	804764	823142	803452	803481	804944
85.68	818381	819422	802639	804620	803653	816436	821226	805547	805393	803121
85.68	814575	819983	805812	805132	804397	804801	822910	803073	804234	802966
85.68	816710	820047	805484	803686	805285	815090	818184	802788	803099	802909
85.68	816505	822667	805882	806269	806703	817060	819159	802547	803711	802160
85.68	817804	823338	806058	807092	805194	815371	820048	803545	803921	803813
85.68	819764	820136	803276	804113	803837	819505	822890	804456	804647	804067
85.68	819782	821959	805864	805842	806647	817835	804956	803199	803758	803715
85.68	813588	824602	803816	803126	803191	816477	822085	804802	804232	805136
85.68	818764	822155	805739	806990	805497	816373	805648	803806	804500	804042
85.68	819044	823180	805957	804270	805427	817749	821133	805599	806003	806026
85.68	816424	821371	804387	804838	802983	814955	820680	804577	803857	803705
85.68	816007	822764	803519	805095	804854	805606	821861	804923	805882	804298
85.68	816362	822919	806046	805644	807917	816865	803997	804538	805269	804425
85.68	818633	824793	806532	804846	804953	819307	821644	806375	806049	807062
85.68	816927	824016	805355	805590	805037	817837	819768	805366	805353	804577
85.68	814825	825058	804064	802886	803807	802203	818220	802160	803198	802382
85.68	815608	819734	803538	801844	803686	816287	818944	804871	804341	804840
85.68	815770	821992	805206	804072	805759	802596	817323	801357	802873	802646
85.68	818962	822223	805028	804820	804145	817139	804091	805434	806435	804966
85.68	813217	818757	802461	802737	803462	814768	802733	804376	802444	802904
85.68	815682	822995	804728	803827	805534	804434	804692	804199	804300	804572
85.68	815773	823352	806550	804993	806455	819506	804814	805321	806059	805289
85.68	816982	822810	805426	805157	804151	803473	817005	803175	801623	802597
85.68	819515	822349	805665	805043	805742	814716	821747	804682	804299	805232
85.68	814601	820723	804095	804027	804147	816855	823053	805167	806327	807188
85.68	819379	825202	806651	806882	807458	818756	821120	803927	804639	803424
85.68	818404	821892	804781	803749	805612	804887	805035	804781	804689	805296
85.68	819592	824440	804588	803929	803666	816428	822307	806287	805283	804851
85.68	819165	821393	807399	803839	805389	815424	818925	803852	804625	804498
85.68	818537	821136	804257	803839	803665	804627	822512	806397	803934	805355
85.68	818970	819842	804625	804673	805762	815499	821218	804584	803526	803691
85.68	818405	824268	805997	805065	805887	817584	821258	804905	803532	803267
85.68	816838	819846	803208	803011	803164	816192	822061	805472	805149	806081
85.68	822780	826667	806353	806770	806289	816760	821939	803738	802246	802892
85.68	818299	824549	804655	804996	805021	817513	823190	804373	804562	805192
85.68	813284	821209	803428	800784	803084	817367	820310	805530	803783	804880
85.68	816949	824467	804346	804185	805735	805456	805428	806512	806189	806185
85.68	817510	819160	803728	804429	805683	818310	805529	805028	804826	804849
85.68	817180	820432	806190	804636	805285	817065	819446	802590	802401	803195
85.68	819054	821624	805035	804215	803914	816335	819318	803155	805274	804501
85.68	817380	820964	802328	804004	803933	818124	820813	803904	805854	804372
85.68	817336	821724	804157	804362	805791	803962	821212	803548	803225	804629
85.68	818173	819121	806689	806428	804754	812711	820256	802388	801840	803160
85.68	816812	822647	804666	804735	803820	817170	821438	804247	804080	804345
85.68	821070	825093	807534	806679	806540	817897	820717	806304	804235	805112
85.68	819132	822929	805714	804596	804721	804786	821321	803892	803698	804580
85.68	818576	821656	804545	803278	806953	804492	820136	805004	804594	804057
85.68	819907	822615	806397	807388	807695	815646	820890	805499	804913	805064
85.68	816157	823531	803935	803395	804769	817381	803373	803062	805444	803967
85.68	817315	823142	804117	804079	805308	816206	820526	804976	803451	804553
85.68	817160	822480	804711	803403	803089	815208	804834	803990	803016	804006
85.68	814977	821018	805067	804767	806494	812970	818812	803915	805053	805797
85.68	815063	817762	805300	805242	804812	815266	818399	804753	804001	805444
85.68	815948	820396	804467	802867	802920	818101	818114	805343	805578	804722
85.68	816115	821518	807454	804204	804455	804291	803254	803377	802482	803643
85.68	812525	821507	804440	804420	803928	815181	818726	805735	805088	804895
85.68	814572	820586	806761	805423	803425	818869	824098	806113	807191	807143
85.68	817111	823280	805148	802850	804003	816834	820364	807491	807052	807972
85.68	816765	823442	804379	804426	805245	807597	825303	804778	804939	804450
85.68	814892	818898	804218	803316	802990	817190	821521	803661	802983	804781
85.68	817512	822506	804459	803177	803122	816076	823260	807191	804678	807078
85.68	817159	821622	804723	803926	803963	813758	804008	802812	804392	803732
85.68	819437	822811	804327	803670	804113	818594	822526	807245	805083	805851
85.68	818018	820324	803047	802491	804124	815663	820280	803454	803018	803952
85.68	819448	822785	806264	805831	806909	804885	820877	804539	802962	804620
85.68	818323	823281	806592	805280	806726	817742	804106	803785	803793	804897
85.68	820712	824356	806585	805842	805749	818336	822933	803697	804169	804485
85.68	818216	824722	807852	806365	807648	819530	826304	804879	806118	805111
85.68	817703	824900	805663	805200	806430	819983	825061	805989	804205	807032
85.68	817018	820829	802945	803847	803408	817811	825047	805084	805011	804112
85.68	821251	823126	806972	804826	806933	814540	821382	802561	802505	804556
85.68	818626	822541	804698	803218	803313	804939	825076	804600	805082	803510
85.68	820391	822173	805717	805380	805901	803817	804711	803953	805319	804262
85.68	817204	821720	805058	806356	804598	803770	804715	802376	803842	803894
85.68	820123	822988	806925	806750	805899	819114	804314	804286	802719	803745
85.68	814578	820880	804835	804440	804668	804805	823492	804715	803627	803321
85.68	816706	824148	803421	804074	804542	818909	806264	804674	804734	806157
85.68	818517	824158	806498	804711	805662	818048	822490	805295	804214	803003
85.68	818720	822473	805734	806385	805941	803435	823715	804449	804160	803165
85.68	815840	824426	804435	804057	805075	817040	821868	805840	804316	805561
85.68	820517	824481	806038	806039	805367	802549	803749	803080	802113	803552
85.68	820065	825323	805234	805775	804264	804921	819880	804370	804201	804665
85.68	819747	821426	804708	803648	803233	815447	802539	800095	799903	801199
85.68	815713	821253	804841	803193	804183	805697	824047	805419	804548	804776
85.68	819864	822852	804043	805804	806332	820196	821556	805780	804351	803992
85.68	812474	825637	803139	803704	803559	805658	806580	804803	805289	805173
85.68	817546	822196	803856	804090	804264	816704	820585	805164	803532	804736
85.68	818482	821418	802730	803323	804015	803910	820191	804394	802131	802817
85.68	817307	824049	805253	803954	803701	822546	821552	805192	807335	805787
85.68	820842	820842	804137	803873	804974	805573	804327	804656	803954	803661
85.68	817717	820917	804975	803810	805036	801961	819640	802404	803209	805341
85.68	817078	822329	804546	802664	804651	806947	806730	804996	806741	807220
85.68	815799	819767	804546	804830	804798	816529	822828	803491	803245	804170
85.68	820139	823749	806609	804425	806326	817374	827889	805688	805898	806113
85.68	818392	822916	805316	805717	806318	815677	823449	804790	803705	803459
85.68	816768	823189	805184	804566	805387	817641	821321	805147	804386	806250
85.68	818840	824889	804003	805143	805374	817302	807383	805607	805582	804987
85.69	816367	825012	804629	805045	805354	819838	822721	804806	804519	805397
85.69	813896	818286	802959	803053	802679	815869	818398	804825	805027	806349
85.69	817187	821706	806539	807102	806286	819241	822047	805044	804554	805580
85.69	815213	821130	801464	803292	804563	816321	805507	803618	804404	805714
85.69	813746	822868	806068	804942	804151	806879	821632	806577	804798	806251
85.69	815844	820696	805363	805946	807048	817933	823209	806632	805027	804059
85.69	816670	824436	805202	805351	806115	813680	818519	805565	805369	804167
85.69	815256	821076	805556	803772	804998	815839	820798	805246	804206	804457
85.69	814394	817659	802707	803110	804000	805985	819188	803849	804909	805001
85.69	815931	816837	803921	804114	804760	815065	820823	805493	804371	804261
85.69	817834	818741	804102	805698	804976	813281	818817	804889	804954	806674
85.69	812367	815277	802738	803441	804262	815986	817814	805174	804137	804536
85.69	816901	818542	806125	805808	805401	812789	806839	805733	805001	807456
85.69	815407	817119	804255	804428	805050	811692	805643	804382	805414	804818
85.69	813554	818113	804188	804444	805172	814047	817702	801625	802361	803532
85.69	811338	814309	803686	803292	803915	814118	819203	805445	804540	804046
85.69	817553	823240	806023	806164	806464	813712	819698	805563	804411	803142
85.69	813475	815398	804470	803627	804988	816641	823269	806555	804685	805364
85.69	817898	822254	806761	806362	806547	803404	803306	803545	801556	802953
85.69	815106	819634	803243	803525	803635	818248	821692	805769	805633	804898
85.69	816803	821409	806169	805809	805714	816966	817421	803196	803984	803130
85.69	819661	820343	805272	805086	803889	813076	822211	803599	803210	804084
85.69	817229	822758	804547	804177	804055	803731	816449	805074	804475	804916
85.69	820087	818460	805026	803576	804087	804599	807292	807652	806151	806389
85.69	816033	820423	803507	803829	804627	815986	819742	804598	802961	805534
85.69	817811	822387	804425	804253	803624	817872	821450	804009	804568	804222
85.69	818509	823466	805746	804431	803994	806290	818779	805070	806080	806938
85.69	817975	818584	803442	803543	805607	818488	821832	802959	804117	803774
85.69	816852	824163	805216	803898	803980	817122	821452	806997	805687	804976
85.69	818061	821481	805115	805921	806103	819417	823323	805874	805405	807064
85.69	817966	827184	807416	805883	807121	816704	821120	803379	803987	805002
85.69	816749	824458	804930	803455	804623	819634	825332	807660	807510	807381
85.69	820604	823216	806682	804390	805694	817768	805295	806505	806663	805175
85.69	818028	823774	805201	806182	806454	807832	820674	805420	807484	806657
85.69	815868	821624	802623	803531	803424	817897	823081	805844	804450	805841
85.69	819083	820744	803711	804089	805161	817359	822753	804351	804019	804938
85.69	818672	818967	804399	803945	805426	803651	818511	803505	804657	805752
85.69	817288	821096	804336	802923	804939	805731	824330	805556	805576	806306
85.69	816649	820408	804691	803090	804415	815956	823045	806037	802810	805035
85.69	818129	824399	804325	803939	804516	805601	819493	803702	803503	804305
85.69	817685	829313	807750	807124	807134	815459	820748	803252	804045	804925
85.69	820428	822762	805269	804946	804106	817664	822056	806530	805298	805799
85.69	817594	823652	807025	808173	807259	819016	818823	803263	804203	804593
85.69	819412	824627	805507	804269	806562	817560	825121	806348	806634	807426
85.69	818332	824911	805655	804161	805018	818602	822329	805848	805839	805761
85.69	819502	824588	805093	806601	805318	819149	823304	805844	804542	804114
85.69	816631	821310	804168	804976	803681	805360	810667	811985	805449	804080
85.69	819418	820610	807474	805980	806729	815233	819002	804647	802626	805762
85.69	813624	816558	801079	801630	802113	814496	819085	804262	804098	803602
85.69	813895	820753	801629	801716	803036	816521	819892	805437	802788	804004
85.69	814562	817166	800081	801114	801158	816482	819013	803778	801887	801595
85.69	815548	816986	801948	801791	802038	816834	821690	805575	806252	804851
85.69	816748	817125	803463	803211	801974	803362	824301	803776	803888	804238
85.69	814820	818671	801390	800536	801432	816583	801935	802309	802845	802154
85.69	815691	818543	801589	801014	800495	817644	822525	805782	803914	804689
85.69	816360	821464	801550	801927	804847	816875	820329	802483	802716	802446
85.69	813048	818189	800804	801629	801301	815896	821911	801906	802674	802496
85.69	813244	819326	799007	800040	800406	816183	821626	804441	803176	802956
85.69	812706	817368	799098	799114	799397	815456	821010	802091	801880	802785
85.69	817727	821245	800845	803283	803489	814857	819224	803825	802346	802352
85.69	814401	820462	801558	803344	802661	817550	824163	804843	805215	804613
85.69	812719	814296	797795	797773	798238	819224	823066	806278	805568	804469
85.69	817994	820163	802488	802643	802472	815905	822151	803357	803514	803856
85.69	815095	821814	801585	802678	803025	817694	822742	805726	802651	804250
85.69	816220	821420	801282	800687	799668	819502	804405	804197	806410	805891
85.69	814181	821085	800923	802353	801651	821084	803922	803148	802926	805278
85.69	811690	819306	800703	800288	800422	817500	819503	804726	804353	803813
85.69	817555	820423	803362	802647	803786	817744	824463	807476	805685	806341
85.69	811967	821191	800324	800836	801443	817232	822491	804971	803719	804289
85.69	818544	821254	800960	801277	800239	816302	804246	805332	803115	804358
85.69	811813	815993	799688	800179	799329	812224	820755	802613	801718	802430
85.69	815232	820320	801444	801563	800677	818409	822726	804055	805052	805197
85.69	817650	823140	804046	802863	805570	817066	821324	803248	803213	804338
85.69	814212	819892	802522	801885	801782	813130	821144	803856	802470	801879
85.69	814368	819804	800277	800413	801557	816497	821583	805063	804760	804495
85.69	813992	816805	799602	799152	800706	804342	818421	804970	805709	805911
85.69	815611	817706	801844	800089	801932	814333	820667	802719	803107	804219
85.69	812343	817876	799961	801183	799103	818471	821692	803521	803510	803747
85.69	816827	819450	802222	802356	802269	816128	820130	804219	802312	802613
85.69	815610	815869	801066	801305	801238	816201	821674	802753	802877	802344
85.69	815105	821449	802737	803187	802503	815233	819238	802327	800603	802371
85.69	815282	820209	800451	801495	800728	816038	821834	803736	804329	803185
85.69	816441	821277	801777	802682	802405	816314	824470	804765	803370	804536
85.69	813114	817639	800658	798921	800064	816750	819861	801877	801550	803748
85.69	814685	821729	802886	802136	803149	818487	825279	803670	803170	804031
85.69	815316	821203	801097	799907	802760	817024	823929	804627	804898	805648
85.69	817377	819101	802276	801568	802557	815574	821960	803966	801850	802318
85.69	818010	819832	803270	802657	801647	817507	821394	803336	803616	802522
85.69	814676	819505	800562	799556	801309	818813	804969	805443	804443	806391
85.69	815603	821340	800210	802105	801073	817617	820138	802579	800395	802154
85.69	814279	819268	802067	800790	801826	813799	819569	804914	804840	804607
85.69	812118	815513	798139	798076	796957	803102	819029	803187	802877	803789
85.69	812717	817878	800555	800420	801045	817579	820066	803567	801990	804510
85.69	813079	817137	799451	800042	800026	815321	820187	803235	803475	803116
85.69	818326	819300	803530	802777	804139	818361	824458	805773	805492	804221
85.69	819711	822572	806319	807153	805672	818700	821748	803777	803649	803456
85.69	818330	820375	804260	804503	805833	815565	819646	801911	802531	803330
85.69	820395	824039	806065	804786	806282	820948	823090	805412	806191	806750
85.69	820725	820170	805303	804593	803246	807363	823473	806827	804433	806539
85.69	817654	824691	806353	805730	806810	820068	820713	804826	805051	806511
85.7	819437	822578	806455	806099	807742	819966	824211	806080	806493	807865
85.7	819276	823620	805377	805301	806482	815500	802765	802666	803607	803389
85.7	822013	824443	808078	805398	806215	817010	821476	803298	803571	804131
85.7	818146	822115	805791	804995	805316	814161	820284	802009	801989	801781
85.7	818260	822291	804674	806891	806356	820445	822757	806011	805942	806659
85.7	818479	820368	805487	805410	806047	817881	819980	804761	803980	806533
85.7	814490	817335	804582	804596	806462	813992	819737	803121	802587	802902
85.7	817126	822826	803353	803478	804139	816099	819480	804080	804111	804848
85.7	818549	819855	807282	804388	805987	817212	821027	804844	804507	805648
85.7	817700	819607	806469	805837	806909	815238	816311	804178	802897	803808
85.7	812889	819174	803301	804127	805555	818148	822496	807202	807420	806550
85.7	815651	816854	805948	804542	803613	815211	819787	804605	802835	804696
85.7	816408	821030	805577	806494	806372	813420	816765	805448	804102	803861
85.7	816066	817451	805756	806347	804486	816740	819437	805247	804936	804894
85.7	817765	821095	805545	805231	805032	812886	814429	804098	804686	804383
85.7	814901	820250	805532	804510	805118	816692	816051	805925	803010	804507
85.7	814533	821789	803527	801888	804831	804717	818270	805511	804545	806313
85.7	814831	820723	803615	803250	803864	814492	818721	805011	803801	805273
85.7	813401	817633	801729	803489	804553	819067	821551	805209	804823	805218
85.7	816812	818576	806124	804429	805034	815775	822636	804648	805253	807218
85.7	816199	821377	805097	804131	804276	812704	815713	803435	803430	804128
85.7	814447	819569	803405	803824	802764	819357	822065	806339	805071	805732
85.7	817593	818790	804804	804150	806074	817442	821660	806468	805501	807102
85.7	817340	819851	805767	804575	805885	816955	814645	804109	804679	804491
85.7	816844	822860	806105	805039	805171	817137	816766	805284	804269	805436
85.7	819177	818679	804954	805754	804623	814924	821463	804454	804066	803923
85.7	814289	817031	804660	804384	803119	819896	820658	806352	806455	807601
85.7	819388	821792	806471	804814	804069	815903	818897	804809	803392	804996
85.7	816710	821900	804477	805852	804503	816015	819883	804509	804175	804314
85.7	813503	816180	804643	805038	804921	815514	819650	806347	804121	805193
85.7	818398	823032	804952	804974	805430	813749	819183	804826	802864	803290
85.7	818679	823870	808172	808049	807924	818440	822613	804541	805488	806362
85.7	819323	821464	806274	804948	805980	814553	815593	803740	802826	804097
85.7	819866	823451	807867	806999	808087	815905	818631	804516	804560	804813
85.7	819044	821858	808006	808037	806064	815638	818881	805340	805659	805703
85.7	815834	819771	804827	804640	805218	817546	823092	805494	805914	806053
85.7	816818	818516	805965	807491	805862	815802	822639	805790	804808	804076
85.7	814793	817758	803564	804687	804233	815847	817486	804472	803495	804303
85.7	814255	817620	804431	803211	804279	809896	804098	803805	803980	804398
85.7	812650	814145	804062	802335	802944	813756	816462	802820	803270	804000
85.7	818865	820219	805724	805018	804991	813260	817137	802392	802851	802486
85.7	813012	814874	803643	803629	804795	813644	816197	804144	803393	802817
85.7	815215	820073	804459	805461	806160	813345	818427	804218	803617	802791
85.7	811828	817513	803004	802640	802604	812955	816910	801989	802501	803797
85.7	817341	822428	803041	804736	803754	812462	817271	803083	802439	801506
85.7	818187	824326	805401	804848	805539	815833	820282	803898	804164	802854
85.7	813985	820664	805970	804807	803425	804869	816426	804974	805504	804481
85.7	817681	820837	805199	806220	805499	817045	819825	804589	804008	805109
85.7	816862	820723	803540	804550	805274	814328	819474	806005	802743	803736
85.7	818296	821506	806388	806656	806668	815697	817379	803661	802528	802727
85.7	816626	822931	805266	804456	805648	819664	818771	804810	804516	805202
85.7	816043	819382	802763	803138	801759	819316	821987	804215	803861	803699
85.7	816311	819873	803618	804838	804796	814114	817868	805358	804664	804594
85.7	821519	824952	807187	804674	805951	814185	816354	802069	801940	802068
85.7	816271	822946	805823	806013	805749	804048	815494	804257	805122	805067
85.7	815462	818785	802672	803501	804216	816535	822666	803274	803518	803173
85.7	813619	815556	802906	803818	803259	814046	819299	805498	804174	804134
85.7	814218	818143	802035	802138	802243	816046	816898	804096	804314	803991
85.7	818416	823488	807136	805832	806383	812637	820142	804357	803292	803051
85.7	818129	821625	806018	806369	806667	811626	821640	802528	801627	802634
85.7	817450	820078	803795	805247	802607	819036	822767	805615	804993	804908
85.7	816046	820170	805056	805188	806611	802219	815475	803345	803728	804706
85.7	814586	819415	803887	804699	805875	820040	821605	806474	806828	807214
85.7	821020	825581	806158	805778	806227	816335	822107	804041	803328	803882
85.7	817880	823361	805471	806255	805911	810815	806335	805449	805254	805198
85.7	817478	820997	805722	806283	805783	816032	818828	803084	804000	804429
85.7	816823	817482	804263	806127	804568	814809	818362	804156	803776	804293
85.7	817207	820892	805435	804375	804751	817980	822760	806228	805617	806631
85.7	811501	813812	802677	800811	803858	816794	819495	806085	804626	804039
85.7	815710	819906	803756	805033	803390	818034	822247	803180	805149	804243
85.7	814819	821608	803566	803430	802233	816627	821958	803768	803506	804120
85.7	814909	820539	802696	804343	803137	816560	817872	803294	803618	804310
85.7	816960	822436	806019	806258	806008	820051	822627	808127	805855	808104
85.7	814944	820465	806944	805346	805512	818831	822986	805316	805730	805697
85.7	816209	820298	804557	802001	802798	813323	818356	802518	803465	803898
85.7	818305	822053	803817	802754	804438	819518	824819	804134	806196	805743
85.7	814660	818819	805347	805108	805063	816985	823447	807600	807303	806003
85.7	812015	811876	801347	803084	804906	818955	819116	806989	805309	804788
85.7	815762	822205	802676	805087	805534	809997	804737	802051	803536	805651
85.7	815570	819380	805693	806192	804827	814226	815760	806653	805492	805411
85.7	819042	820232	805810	804663	806865	809687	805497	805034	804531	804665
85.7	814746	819426	804223	803655	804554	816460	818709	806474	804829	804288
85.7	816369	819148	805947	805877	805961	816510	817793	801993	803836	802701
85.7	813794	818371	802566	803451	803650	815071	818592	803677	804584	803451
85.7	818162	819323	807795	807030	805433	813690	820286	803205	803406	803981
85.7	815309	817335	806032	804020	804141	807749	802518	804372	801742	803832
85.7	815108	817108	803582	803113	803184	815343	818350	803190	803458	803375
85.7	813677	816705	805385	806021	804697	815442	818444	804170	804318	802902
85.7	814452	815976	805599	805412	806154	814550	814862	803943	804822	805662
85.7	814627	813165	804310	802546	802367	815793	819080	805264	805586	804768
85.7	816515	820232	807818	806710	807584	813955	818413	801896	803462	803241
85.7	820344	822813	808202	807099	807621	813550	820765	804309	805541	805976
85.7	816469	819275	805451	806321	807244	814196	816746	805187	804174	804218
85.7	819202	821221	804669	802913	803850	808188	802299	801799	803034	803399
85.7	813242	821116	804757	805162	804136	818835	820811	806793	807700	806018
85.7	818726	822591	804859	804809	806099	814940	817382	806236	804208	803948
85.7	815138	823257	803498	802868	804465	814796	817865	804793	803681	804147
85.7	818304	820456	802932	803526	803090	818239	818948	803728	803660	804688
85.7	818026	818753	805045	805617	806130	815730	820918	805934	806329	806214
85.7	816328	824486	805939	806870	807159	813508	817818	802230	802787	802524
85.71	812122	815898	803897	805560	805294	815616	818808	806017	806658	806775
85.71	818250	822246	806439	806182	806602	816181	819202	802217	802709	802956
85.71	813264	820200	802656	802955	804424	815606	821196	803666	805323	805539
85.71	816201	822431	805176	806104	806153	815354	819028	802207	802408	802466
85.71	815834	818682	801333	801291	801354	816033	823212	806301	805400	807933
85.71	818051	822521	806458	805715	804756	813553	805026	803879	804704	805328
85.71	814709	817713	804669	805706	804967	813777	817925	804985	803106	802690
85.71	818641	818063	804636	804853	806219	818482	821549	805474	805522	806909
85.71	816614	819624	805046	805413	805888	815551	818603	804944	803917	803289
85.71	817637	820438	806771	806803	806720	813497	815402	804010	802978	804204
85.71	817669	822376	807713	808753	808024	816124	820331	802835	805196	803023
85.71	813959	816818	804649	804245	806269	815523	821821	805436	804649	804141
85.71	816052	817072	806037	806855	807684	815652	817611	807276	804082	805767
85.71	814644	817072	805738	805403	804140	812877	815280	805260	805482	806295
85.71	818741	823686	805685	806461	806524	817600	820045	806975	806406	806833
85.71	817124	819826	805020	804713	805567	814076	816997	803254	803737	803547
85.71	814903	819678	804080	804218	805636	814333	818541	805516	803002	803555
85.71	820044	821834	805214	806219	805142	815143	819200	803221	803928	803328
85.71	810711	810848	803733	803392	803899	811235	811895	803321	804207	803873
85.71	813192	817544	805783	804998	803847	810478	813249	804136	805946	804714
85.71	812342	817080	803549	804118	805791	809663	813265	807966	804683	806701
85.71	811675	813687	805087	804732	805184	814117	814245	806179	806248	805941
85.71	812605	816673	804241	803358	804721	810575	807875	808169	804982	804414
85.71	812248	817391	802278	802199	803069	813358	823119	805909	805404	804773
85.71	815622	823434	804766	802751	804823	814797	819012	804332	803092	804430
85.71	813485	818809	803030	802934	803792	815322	820463	804139	803407	804420
85.71	821085	826154	806689	807492	807027	816195	820528	804040	802138	803451
85.71	817044	819228	803649	803173	803482	816218	820964	804248	803999	803350
85.71	820271	825731	807361	805678	805811	818818	821157	806005	804302	804376
85.71	819394	822021	804584	806083	805200	817917	820823	804297	803084	805296
85.71	817710	821522	803807	803947	804821	815610	820141	803053	801663	801736
85.71	818037	820423	803253	804742	802955	817993	821786	802860	802623	802613
85.71	816412	823099	803834	803292	804007	817046	822268	803652	803109	804481
85.71	818640	821950	803236	803663	803260	817410	823111	803525	803561	803780
85.71	820847	824937	805185	805949	806540	815215	819878	800879	801163	802609
85.71	815916	822088	804225	806097	804289	817440	820879	805775	804602	805658
85.71	817005	820751	804600	804783	804123	815208	821585	803034	802429	804793
85.71	818574	825260	806763	807771	806516	817119	824764	803543	803879	803905
85.71	814789	822159	802426	802825	802705	817559	821221	805294	804502	805743
85.71	818666	820421	804772	805449	804731	817940	823942	803686	804354	804530
85.71	821335	822043	805447	805633	805212	815660	822522	804487	803766	805446
85.71	818675	825025	805613	804259	804688	816010	822420	804478	803415	804117
85.71	819428	822585	803680	805488	803666	816936	820071	805115	803652	804082
85.71	817371	821732	804402	805116	805836	818225	825480	807096	806764	806654
85.71	818911	823094	806443	807165	805860	817284	820257	803006	804238	804257
85.71	818258	821627	804624	805489	804301	802480	820089	803350	801701	801543
85.71	821630	822887	807612	806210	805916	817571	820318	803815	803368	803207
85.71	817978	823297	803483	804170	804432	818472	823542	804376	803136	805291
85.71	819782	824361	804737	803172	804875	819089	821485	804749	804162	804763
85.71	817931	823240	804928	806073	804286	817939	821999	805455	804655	804652
85.71	816624	821954	804346	805218	804102	813721	823234	803056	801466	802867
85.71	817732	824393	806142	803926	804893	818977	821708	805622	805093	805303
85.71	819661	823306	805755	804341	804056	816441	820910	805467	805339	805403
85.71	818189	823009	809505	805602	806968	819451	822585	805652	804427	805601
85.71	813396	818854	804264	802978	803686	817170	818945	803282	803147	803050
85.71	817030	822053	804219	805140	805504	816280	821161	806667	805408	805083
85.71	815233	821449	805142	806221	806653	818523	822316	805552	804972	805647
85.71	820364	821095	804545	803941	804847	818186	820730	806498	804142	804044
85.71	817888	823361	804940	803707	803942	817062	823303	804698	804914	805830
85.71	815408	822828	802842	805097	804019	818063	821351	804210	803896	804007
85.71	816277	821676	803451	802820	804196	819918	821171	804845	802647	803272
85.71	818602	823027	807403	805125	806826	817573	820009	802171	802535	803531
85.71	820114	822609	806211	806570	806930	817567	821355	803329	805010	804055
85.71	818795	822335	805920	805098	805503	817979	822365	805441	804466	804343
85.71	816878	822715	803889	803978	804544	817288	819234	805040	803620	805698
85.71	815416	819059	804735	802984	802968	814603	817411	803495	802524	803174
85.71	816071	822778	805813	804372	805362	818404	822857	804377	802164	802279
85.71	819164	822875	807098	806042	807806	816792	820670	803263	803693	804158
85.71	820652	822391	804141	803759	803135	816322	817997	803728	802540	803975
85.71	815820	818276	803403	803961	803330	816013	819636	804956	804365	804879
85.71	815395	817724	802681	802430	802585	815605	821830	803993	802905	804245
85.71	817951	820169	802888	804747	805364	811972	802783	803462	803644	802712
85.71	818036	819665	803736	805250	805434	815222	817972	805011	805870	804345
85.71	816111	819098	806228	804105	805054	815367	820251	803012	802236	803675
85.71	815957	819371	805165	805307	806319	815752	816536	804711	804128	806861
85.71	813843	820122	805417	804837	804587	820093	823998	806783	807904	807236
85.71	814797	819815	804801	806464	805493	815991	819470	803547	804507	803603
85.71	819419	823724	809579	808447	806966	817995	820282	805187	805640	803572
85.71	816390	820097	805513	804446	803822	814485	822153	803732	802797	803068
85.71	816956	821883	806801	804292	803575	816849	819323	803179	803945	802632
85.71	818233	822928	806492	806151	805793	811838	817510	801350	801725	802864
85.71	817562	821859	804096	802952	804357	814888	819270	804440	802297	803415
85.71	818545	821555	804383	805554	805508	817878	818597	802475	801680	801798
85.71	814767	822305	804669	804956	804847	817261	820264	805559	804583	804269
85.71	817269	822233	803504	804729	804808	816467	818767	804185	803244	802523
85.71	814465	822259	803504	804183	805316	818954	822597	805344	805697	805769
85.71	818851	822321	806953	807047	805234	814671	820985	802140	802546	803234
85.71	819808	826595	804204	804871	805192	814457	819405	802709	802136	802342
85.71	818631	824188	805202	804111	806075	813557	822199	805123	804560	804838
85.71	814353	821921	805358	805097	805346	819235	821803	806190	804204	804113
85.71	819171	823186	806084	804883	806355	814497	819107	803984	802743	804382
85.71	817917	823064	805009	803771	805164	815313	817776	805038	801653	803828
85.71	817304	824136	804357	802949	805470	816686	821469	804859	803774	804588
85.71	818173	823017	804919	805224	804970	818850	821655	806677	804593	805355
85.71	817100	819310	806407	805860	805080	819033	824803	806350	805318	806434
85.71	818184	823817	805776	804782	805419	818439	820275	805004	805030	804195
85.71	816620	823626	805049	804267	803401	818874	824686	806059	806130	806258
85.71	818297	819652	806934	806486	805610	818609	821121	805065	804991	806533
85.71	818089	822328	802770	803064	804194	816567	822623	804445	804790	805922
85.71	817874	819813	804349	803756	804965	820885	823040	807779	807054	805048
85.72	817300	823023	804289	805081	804753	820099	820330	805293	806372	805988
85.72	816104	821405	803836	804850	804525	816999	819807	803635	803842	803451
85.72	820684	819638	804671	805263	804876	816979	822728	804508	803756	803339
85.72	816855	823469	804984	804989	805554	817389	815366	801847	801326	802090
85.72	817874	823358	805219	803435	804630	817112	821626	803500	803585	802803
85.72	819464	818207	802833	804025	803616	816598	818608	804549	804117	803905
85.72	820530	823278	805731	806062	806659	817875	822626	805041	804543	805369
85.72	818123	818740	805299	802399	805066	803346	818888	803821	804529	803625
85.72	815435	819310	806466	804859	804277	820258	821004	804966	803035	803932
85.72	818916	823587	805668	805653	805680	816150	821641	804223	803438	803387
85.72	816627	821064	801415	802721	803105	817041	822081	804775	804187	804660
85.72	817358	822757	806441	805828	806251	820380	823802	805100	806004	804062
85.72	816418	823895	805973	804088	803696	815880	821193	803995	803072	804871
85.72	817597	821698	805245	803656	803628	817958	821146	806054	803953	804385
85.72	820742	822386	807206	805511	806825	819621	820572	806993	804396	804568
85.72	816156	822761	804759	805883	805439	817763	823367	805068	804794	805072
85.72	815113	821011	803755	801708	803466	814371	821134	803436	804433	803600
85.72	816021	823155	806671	806177	805774	816799	822859	804352	805562	804581
85.72	818767	822737	805344	804637	805883	817915	819538	806493	805037	806248
85.72	817370	819107	804853	804760	803963	816581	820208	803676	804493	803217
85.72	818477	820696	805901	805381	806194	816418	822646	804536	804668	805287
85.72	817427	820482	804970	804305	804205	816806	821690	804768	803319	803273
85.72	818171	822698	805563	804186	804614	818467	823294	805495	805138	804866
85.72	818368	823635	805063	804167	804993	815943	821285	803380	802955	803100
85.72	818099	819897	805710	805661	807232	818091	821772	803215	805437	806349
85.72	817869	821528	804920	804733	804397	814848	821343	803395	802437	803271
85.72	819270	822136	805716	804674	806981	819784	825454	807141	806753	807118
85.72	820110	822337	807359	805731	806061	817322	820712	804935	804915	805007
85.72	817858	823060	806486	805206	806248	814302	821292	803107	803029	802646
85.72	816285	819601	802767	803534	803612	816366	820674	805269	802559	804049
85.72	818467	821872	804905	804103	805681	814425	816873	801157	800582	801062
85.72	817301	824553	806148	804697	804082	815985	819924	802607	802858	803387
85.72	815914	824605	805693	805289	805178	818728	825018	807659	804960	804992
85.72	818261	825992	803974	803847	805201	820312	825124	807211	805611	805209
85.72	817865	821598	803803	804028	804993	818153	822958	805260	804462	804296
85.72	816491	823945	802391	803962	803921	816911	820269	804577	803762	802754
85.72	815670	821888	806023	805257	805732	817126	825486	804673	803206	804744
85.72	819541	824771	805345	806623	806119	817663	823568	802768	804058	802367
85.72	818968	823185	806339	806229	804306	816707	818020	804591	805148	804315
85.72	816931	821030	804185	804643	803484	815360	821232	803767	804602	804826
85.72	817581	824594	805469	806717	805673	815477	820316	802683	802291	803297
85.72	821281	824698	807647	804892	806758	815791	821161	803011	805007	803687
85.72	818382	821070	806125	806375	807418	818109	820553	803042	804427	803539
85.72	815847	821247	804000	804859	804008	817886	823086	803191	801417	803232
85.72	817072	822518	805930	806431	806059	822214	825431	805461	806787	804805
85.72	818625	826176	805546	805397	805500	816576	821457	805783	806124	806508
85.72	817977	822985	806053	805499	807741	817051	824795	803467	805089	803910
85.72	818249	822114	806421	805306	805050	815572	820358	804126	804829	804523
85.72	819162	823564	806097	805283	807901	817443	823830	804193	801998	803159
85.72	818350	825836	808196	805469	808034	816692	822289	804834	806222	804596
85.72	820292	822357	806658	805054	805090	819252	823120	806160	805261	804545
85.72	820916	825497	806800	806692	806807	818736	822297	805950	806281	805084
85.72	819053	822841	805092	804018	806346	813935	823179	805282	805075	804661
85.72	819284	823193	807126	808142	807637	816802	821155	805733	804437	805703
85.72	817376	823515	804378	805413	804807	818334	823873	804714	804888	803557
85.72	818142	826286	806239	804998	804334	819335	820930	805309	805079	805241
85.72	813316	821202	802180	801070	801674	818966	818741	803988	803949	805144
85.72	819056	823437	804745	802592	804811	819169	822223	804507	804927	805864
85.72	817632	820707	805873	805790	806896	814759	821527	804481	806120	804094
85.72	817778	824874	806453	804196	804519	818618	821665	803535	804578	805267
85.72	819611	821191	804322	805261	805828	815548	822050	805121	804171	805779
85.72	815666	819458	804069	803774	803767	814177	822153	802983	803947	802215
85.72	818556	821404	803758	804566	804401	819708	821672	805765	807180	806866
85.72	818793	827126	805675	806626	805094	818779	822084	803182	803871	802675
85.72	822256	825820	804942	805575	806289	818627	823530	803891	804745	804506
85.72	816123	820637	802144	801897	801522	818144	823387	805648	805640	805555
85.72	818119	821406	804618	804913	804764	815215	822632	803841	803269	804491
85.72	818793	820836	804063	806025	805307	817430	819329	802590	802335	802914
85.72	816939	822041	806042	804125	805151	815197	821825	802743	803176	803413
85.72	817565	825158	804532	803847	804818	819914	824061	805344	805246	805926
85.72	816069	824398	804922	805207	805112	816748	802463	804128	803877	802030
85.72	816495	821033	803572	805747	804739	817320	822347	804703	804837	805950
85.72	819154	823153	804381	804393	805024	816572	820796	803680	804780	804461
85.72	819039	819271	802921	801928	802011	817023	824589	803921	802948	801998
85.72	817983	822014	804217	804150	804617	817193	823980	805075	804565	804495
85.72	819634	822030	805469	804999	805439	817003	823833	805941	805480	804833
85.72	819579	822575	806063	805695	805582	815424	822009	803354	805382	803752
85.72	817718	822441	806357	804023	807771	816557	821886	805235	804901	803619
85.72	820021	823412	805931	806359	806649	817134	823057	804492	806520	806358
85.72	816498	821921	805095	804373	804480	819142	822698	805112	804611	806201
85.72	817767	821375	802786	803489	803033	816834	824424	803880	805153	804980
85.72	818490	822213	805002	804434	805788	818183	825057	807065	805660	806438
85.72	822004	823277	807971	806520	806897	817639	826933	806412	807092	806331
85.72	815867	823650	804519	804095	804441	818750	821305	805838	803862	804343
85.72	820234	822562	805377	806231	806015	816544	820744	804829	804358	802646
85.72	817902	822503	806934	804470	805653	816163	820965	803004	803550	804137
85.72	817913	824619	804724	804652	805086	820830	825189	807186	806853	804981
85.72	819873	823913	807201	805654	807211	818877	820068	804242	802000	802481
85.72	816128	821517	801973	802971	802969	816107	819432	801820	802801	803192
85.72	818231	827643	805945	806042	805285	815789	824359	804271	804702	804944
85.72	817759	819279	803368	803638	803766	816243	821514	803250	804166	803205
85.72	818563	820902	804780	806795	806263	818082	824023	803229	804024	803798
85.72	819280	822743	805289	806395	805131	820685	824390	805564	805607	807028
85.72	818222	824572	804383	805080	804918	818006	822856	805486	803230	805827
85.72	819603	825062	806375	806158	806024	816105	818317	802815	803560	803494
85.72	816067	818561	802867	803042	802380	815920	817851	803363	801782	800875
85.72	817314	821975	804011	803707	803984	817747	821937	806122	804889	806664
85.72	821196	826633	806520	804886	806642	816835	820768	804436	804485	803809
85.72	819706	825871	806809	806039	806237	819248	819157	805573	805499	804593
85.72	817210	819787	802151	804019	802272	817414	822832	803117	803543	804709
85.73	817568	823856	805825	804275	804836	820615	824512	807803	807140	806836
85.73	816871	822311	805933	804727	805201	815201	822481	803175	804878	803866
85.73	816190	819276	804419	803375	804445	817076	824042	806063	803204	803449
85.73	817221	821645	804718	804568	804251	818941	825394	806088	805915	807630
85.73	817649	824874	805513	805407	806350	818093	820242	805336	805445	804373
85.73	817374	822625	806521	804702	805067	814551	817944	801761	801167	801860
85.73	818255	821632	806037	804628	805388	815578	820984	804709	802961	804665
85.73	818253	821022	805532	802930	803938	815704	820666	805670	804190	804930
85.73	819194	821735	804275	805913	806965	818067	822617	805338	804927	805204
85.73	819950	822099	804179	804502	804511	814418	821748	804889	804012	804112
85.73	817274	821957	805483	803307	803795	818376	821160	804442	804061	802798
85.73	816282	822903	804282	805151	806712	816886	820016	803067	803058	802431
85.73	819726	819684	804864	805082	804260	818298	823654	804813	806242	806375
85.73	819109	825967	805879	806021	805895	818589	823069	804255	804177	803968
85.73	814159	822993	803754	804281	804280	816636	818575	802729	801732	803828
85.73	820693	822758	805792	806486	805683	816726	821585	804177	803909	803806
85.73	819847	821937	806981	806212	806688	817338	819679	804166	802841	803883
85.73	815771	817964	803418	801195	802002	811924	822401	803316	802756	802239
85.73	817414	820923	803538	804772	803277	820381	824830	806486	807682	807454
85.73	818157	822675	805171	804157	804269	816984	821470	802360	802097	802371
85.73	817414	821945	804913	804235	802438	820100	818639	804765	805827	804990
85.73	818251	824647	806068	805791	807067	818825	825400	805405	807030	805677
85.73	817403	822600	805904	806174	806477	814771	823157	805808	804545	805961
85.73	820525	823718	807535	806751	807597	813741	820275	804009	802766	804277
85.73	818653	821601	804305	804423	805396	819428	822755	805479	805862	805562
85.73	819295	822236	806414	805039	804826	821899	822074	806448	807652	806379
85.73	820273	826460	805554	807700	805833	816690	824319	804830	804052	804273
85.73	819392	824897	805828	806359	807933	816516	820028	803481	803468	803130
85.73	818301	823324	805621	805725	805877	812601	818379	801996	801001	801555
85.73	816344	822752	803997	803684	805851	816940	819400	803645	804343	802901
85.73	818544	824728	806630	806512	805372	804974	819191	805421	804937	804205
85.73	815912	821952	805060	805503	804387	818685	824000	806055	806761	805440
85.73	819279	825253	805093	806704	805805	818664	826088	804561	805077	806009
85.73	821317	822431	804818	804100	805380	819234	822076	804766	804321	804277
85.73	816946	823707	803416	805026	803718	817240	820761	804618	804734	805090
85.73	821081	820547	802814	802197	805233	819274	818782	803863	803752	803108
85.73	819356	826103	807110	807540	807525	817100	823470	805197	803748	804620
85.73	817834	819622	802892	806946	805443	816904	823252	805311	804486	803672
85.73	817299	823622	805441	807085	807109	816927	823854	803620	805366	805516
85.73	814872	823224	804907	804461	805296	815534	818625	803957	804276	803895
85.73	816673	820992	804344	804348	804919	817607	822919	803681	803884	803121
85.73	817521	823088	806048	806373	805756	815409	821983	804324	803934	803179
85.73	818391	818651	805705	806124	804872	818456	822021	804110	803878	804068
85.73	819625	822874	802180	803633	804730	815199	818759	803153	802279	803245
85.73	816982	817103	802087	802249	803535	817184	820305	804154	804566	805838
85.73	817376	824566	807207	805153	805645	818800	821669	804632	804563	805308
85.73	820955	822239	805178	805822	806073	818104	819597	803700	804462	804674
85.73	820665	824172	805896	805305	805828	818703	823289	803767	805056	805694
85.73	819095	822928	805164	805319	805256	817960	822667	805222	804279	804216
85.73	817351	823249	804467	803457	805381	819207	822233	806290	806013	804769
85.73	815167	821361	804078	805229	804851	817147	821647	804294	805209	806605
85.73	817462	823813	803327	804204	804163	816309	820969	802854	802301	803514
85.73	819520	822098	805246	804208	804839	817168	819091	803433	803291	803824
85.73	818627	821941	805619	805239	805534	815837	822069	804979	804487	806077
85.73	819450	821196	805128	804880	806449	818625	820591	805680	804824	805634
85.73	813765	818541	802455	804826	803004	819133	821119	804339	805169	805208
85.73	815685	820855	805054	804610	804015	815916	820170	802453	803329	802612
85.73	816653	822583	805229	806116	804230	818388	822959	805131	806250	804008
85.73	821416	823633	807258	807458	807719	813633	820391	803701	803113	803843
85.73	820580	824123	806793	806239	807922	817472	823760	805382	805706	804949
85.73	817445	824753	806874	805021	806550	816289	824442	804589	804223	806239
85.73	816093	825012	805726	803995	805452	815535	820324	803201	803930	802854
85.73	819291	821091	804010	803189	804437	817224	823172	803279	802417	804997
85.73	816903	822177	804397	802652	804205	802979	819162	804389	802983	803805
85.73	817380	823979	802920	803445	803913	817901	823666	804850	805997	805580
85.73	816434	821017	803454	803301	802998	818559	821311	805080	806111	805598
85.73	819692	822994	806178	805597	807958	819203	823398	805590	805030	805981
85.73	818597	820703	805010	806168	805477	817766	824001	805857	803394	804197
85.73	817534	821279	805069	805696	806670	818754	821059	802953	802855	803251
85.73	816853	817435	802936	803270	802993	814603	823145	804916	804353	802465
85.73	817431	820745	802647	805479	803244	817912	819613	803898	804432	804927
85.73	817635	821180	805789	805210	804252	814510	820231	805051	803446	802826
85.73	818488	821755	803229	803321	805692	820981	819811	803459	804812	804940
85.73	818433	823558	805985	805894	804763	815217	818293	804251	803876	803582
85.73	819202	822484	805409	805994	805510	817916	823205	806078	804831	804338
85.73	816450	820215	804257	803933	804464	817873	822120	805816	803122	805929
85.73	819350	823327	805090	804896	804083	816804	804669	805143	805019	804922
85.73	815984	821117	802910	802381	801926	802982	819641	803019	800778	802580
85.73	817087	823401	804500	806378	805599	813809	821086	802541	802134	802821
85.73	820331	821834	805338	803869	805639	816799	819976	804332	802856	804136
85.73	814941	818879	803471	802772	804916	818892	822862	803948	803049	805357
85.73	816935	821487	803765	804569	804091	817351	821833	803292	802081	804299
85.73	819060	827149	804176	804773	806533	818928	824701	806339	805384	805635
85.73	817286	821389	804431	806509	805356	818621	822749	805428	803641	805434
85.73	818447	819575	803095	802521	803797	813409	819625	803305	803192	802836
85.73	816738	817893	802659	804980	804320	815532	822056	803943	804254	804317
85.73	818804	822064	805433	806098	804642	816040	818091	802596	805102	803968
85.73	819535	824144	804959	803968	805523	816085	821179	805263	805807	803673
85.73	818075	821206	804741	804107	804740	817973	822765	806003	805461	805653
85.73	815317	822588	805056	803173	803992	805325	819610	805475	804551	803008
85.73	815216	820695	802440	802168	802376	817423	820668	803287	803696	802203
85.73	818373	822989	805782	805506	805363	819372	825512	805723	805963	805333
85.73	816583	825299	803759	803949	804978	815366	817265	802928	801677	803426
85.73	820704	822861	806331	806308	805952	817857	820180	802322	803627	803767
85.73	816268	818850	805844	805406	805953	816201	819910	802837	803814	803629
85.73	823139	820295	805634	805468	803613	817294	821404	803997	804083	805387
85.73	816484	822295	805741	803750	805260	817166	819282	803349	803054	803373
85.73	815775	824000	805240	805120	805055	817332	823070	805133	803979	803956
85.73	819580	822329	805542	806188	806325	817862	823466	804047	804314	804283
85.73	818865	818918	803201	803211	803052	818565	821094	805175	806083	806008
85.74	820544	823940	805629	806576	805258	817918	821218	806930	806534	807131
85.74	817323	821000	804193	802360	803219	814746	816941	803319	802281	803536
85.74	819347	822484	806369	804768	805808	817341	820032	804824	804975	805056
85.74	815059	818700	806351	805051	803963	813633	820860	803167	803826	803720
85.74	816787	820089	803202	803473	803802	816063	818763	803052	804111	803707
85.74	817277	823916	805719	806352	804797	817706	821057	804837	804327	804333
85.74	816273	818070	804191	803713	803303	817425	822538	803855	804038	805103
85.74	818429	822450	807392	806233	807646	817137	821667	805253	805176	805868
85.74	816568	821950	803997	805140	805177	817619	823130	804856	804386	804928
85.74	816300	819284	803741	806960	805632	816562	821334	804222	804351	802930
85.74	818613	820865	806005	804848	806340	816795	819471	805788	803980	804202
85.74	818914	822199	806195	805737	803254	818103	821240	805063	806126	806758
85.74	815725	821445	803536	804044	805425	817912	821734	806299	806011	804919
85.74	818473	822045	804491	804299	804873	816914	821224	804729	804774	804239
85.74	819826	821675	804880	804307	804770	818673	820367	805605	803445	805632
85.74	818032	824465	806492	805774	804185	816269	819735	802850	804979	804297
85.74	818441	818655	804228	803131	805456	819948	823744	807701	806445	806762
85.74	821424	822232	805904	805429	806131	813656	820333	803311	804353	803434
85.74	815115	817793	802846	803437	804748	821245	822213	805204	805080	805428
85.74	817292	822195	806979	807177	805153	819418	820324	804096	803456	805114
85.74	816718	820564	803982	804467	804878	817744	820910	803857	803768	804546
85.74	815085	819336	804895	803567	805722	813840	819983	804895	805131	805829
85.74	817530	823620	804458	806807	804383	815095	821406	804302	805631	804922
85.74	816076	818420	804145	806068	804501	816535	818754	803734	803718	804599
85.74	818533	820219	806403	804437	805396	818618	820595	804766	803615	804983
85.74	817099	824972	808016	805463	808998	813772	821372	807084	805318	806760
85.74	818779	819314	805883	804037	804342	817458	818362	804289	804169	803958
85.74	817288	821435	804993	806252	806102	817796	821533	805874	806798	806336
85.74	820579	821445	805273	804595	805776	813512	818755	803019	803557	803177
85.74	817010	821211	807076	806503	806164	814141	815969	802988	803307	802578
85.74	818041	822895	806089	806632	807382	815702	820785	804667	803307	804907
85.74	815683	822654	805279	804007	805325	813721	815448	802581	801385	803505
85.74	818170	821702	806417	806187	807245	813186	805326	805890	804291	804517
85.74	818515	824744	804690	804819	803493	816296	820457	804639	803481	805269
85.74	818130	824955	804262	805065	805559	818321	822786	805224	807152	806145
85.74	817261	821938	805125	805694	805444	814746	817511	803245	802688	802609
85.74	815763	818805	806001	804774	805245	813943	818595	804318	802115	803734
85.74	817359	820588	806326	805110	805682	816304	816326	802564	802533	803481
85.74	816724	820908	805919	806459	806556	819383	820029	805982	805700	806008
85.74	817192	823733	807263	806518	806245	815683	819826	803958	804023	802815
85.74	818037	823372	805175	806299	805777	813931	819341	804228	804570	803102
85.74	817175	818221	805539	805960	805163	817542	820274	804524	804974	805740
85.74	819422	824625	804817	804706	804203	817951	819292	805487	804152	805500
85.74	814560	819561	803851	804585	804570	815063	820673	806837	804986	804831
85.74	814829	817309	804320	805274	804412	816637	820476	802110	802080	802927
85.74	817247	822563	804106	804752	806987	818228	824188	805531	806430	806057
85.74	818869	823670	805229	805887	805641	816226	820913	803237	802775	804034
85.74	815889	824804	803826	803398	804549	813104	817650	803098	802594	801373
85.74	819202	820977	804705	803957	806264	812584	815580	801812	801030	800723
85.74	816360	819423	805434	803862	804587	817937	821043	804029	804672	804638
85.74	817032	818805	806504	806897	804797	814914	817688	803957	804443	803928
85.74	816702	819072	805218	804078	804280	817938	820953	806205	805427	806106
85.74	815368	820857	803394	804741	802856	817449	822598	805783	804834	806289
85.74	817068	821839	805065	805471	806178	818182	822156	805576	805516	805180
85.74	814725	821192	804159	804058	804186	817990	822639	806705	805074	805654
85.74	815493	822404	806141	807801	805924	817196	819682	805720	805808	805697
85.74	816569	822466	805510	804445	803379	813492	819089	805004	805107	805303
85.74	814752	820294	804930	806557	804448	815179	817937	802976	803445	804145
85.74	817233	820357	805569	804249	805222	816743	817866	804682	803983	803584
85.74	817449	823006	804817	803886	805168	818037	818653	803409	803178	804100
85.74	819154	821139	804990	806793	805389	818293	819078	804267	802977	804008
85.74	822164	822236	806640	804525	805506	816446	824994	805851	806075	807286
85.74	816786	823090	805575	803228	805322	817579	818741	803294	804375	803123
85.74	818494	821564	805284	803984	804667	814690	821729	805091	804140	804864
85.74	817274	820907	805383	805293	804653	812265	818186	803504	803491	803895
85.74	813994	819183	804051	803166	802983	815944	817701	804025	804800	806249
85.74	816893	821627	804353	804820	805310	816023	820199	803618	804300	803136
85.74	815856	819083	805923	805454	806414	814898	818178	804332	804143	802564
85.74	814258	817056	802874	802426	802959	815688	816456	803357	802799	802506
85.74	818438	820679	803979	806760	806054	815099	819210	805582	803850	805021
85.74	817615	819682	804148	805850	807505	818674	821029	804938	805577	804692
85.74	816515	817884	805485	804579	804353	820307	822204	805494	804473	805089
85.74	815628	819906	806263	803573	805455	816557	820513	804738	804080	804579
85.74	813785	819490	803285	805637	803370	813233	803558	802863	802744	803577
85.74	817677	821579	804250	805348	804468	816294	823841	805012	803715	804649
85.74	816683	818007	806134	805943	807383	817092	822165	805241	804047	804014
85.74	813495	817953	803466	801396	804506	819501	822320	806187	805723	805987
85.74	815382	818332	804787	805078	805451	815412	821783	806300	804950	804662
85.74	817228	819939	805836	804739	806193	813630	818890	802143	802782	803356
85.74	818665	821030	805172	805309	804821	817014	819942	805535	804624	802986
85.74	817191	820080	804882	804239	804562	816381	818308	805711	805528	804580
85.74	817749	822174	803324	804226	804963	819483	818932	802921	803841	803432
85.74	816505	818133	802751	801563	802964	815900	823247	804031	805094	805460
85.74	815771	818889	804338	802844	804048	814001	819954	804671	803040	804975
85.74	814904	819058	804686	805600	804727	813395	818262	806924	805288	804504
85.74	813772	816062	803629	803550	804193	815371	820970	803470	801647	803030
85.74	818219	820544	804935	804802	804250	813188	817269	802220	802487	804506
85.74	818619	822136	807014	803862	805411	818265	821483	806110	804713	806586
85.74	813722	818380	803515	803600	802698	816404	819420	804930	803593	805377
85.74	815581	821720	802475	804083	803965	814693	817383	802284	802320	805515
85.74	819591	819672	806067	805686	806164	812731	816074	802583	803002	802725
85.74	816832	822287	803789	804020	805115	819605	820796	806361	805661	805578
85.74	815826	819477	805853	805389	806379	819493	820915	805975	805100	806518
85.74	816165	816952	805540	803301	803534	816277	822720	803341	804601	804722
85.74	817754	821112	804901	804867	802485	815923	818251	802169	802013	803362
85.74	816657	819602	802624	802826	804514	817282	821509	804388	804249	803879
85.74	817644	821191	805311	804598	807410	816679	820574	804465	804952	804984
85.74	818724	817473	802167	803385	803493	818806	822685	807183	807035	805106
85.74	817322	820467	802612	801445	805067	816265	818253	803266	804409	803291
85.74	816659	821416	803942	804998	805666	817028	819442	805799	804465	806012
