85.65	826275	802895	821832	804561	802736	824044	803717	825371	804126	804060
85.65	822362	802408	820555	801277	802172	805801	805594	804672	804135	804986
85.65	825758	802877	820821	802133	803293	827721	804008	820733	803759	804404
85.65	826723	803305	823282	801890	802810	828567	806020	824230	805849	804657
85.65	829892	804704	825783	803131	804332	802002	802469	802476	802677	802145
85.65	814696	801948	812453	801659	803007	818409	805358	816659	803879	803762
85.65	820372	804270	817384	803376	805246	820066	803703	817830	801861	802311
85.65	822586	804877	818151	804533	805639	803490	802788	801423	802827	801830
85.65	821330	805220	819985	804946	805380	821016	804259	819579	803468	804122
85.65	825347	804153	819925	804430	806331	824149	804567	803835	804449	802784
85.65	820256	803287	816022	804105	803753	821667	804700	819282	803209	803724
85.65	820319	804330	818107	805032	803585	819921	804098	819236	803220	804993
85.65	819585	804393	817854	804006	804689	820037	803766	816958	803818	803841
85.65	824163	806176	820398	805834	806735	820231	803372	817338	802182	801595
85.65	823135	802763	818466	803363	802850	825350	804143	817991	803502	803656
85.65	823600	804773	817606	802865	803090	821184	804854	804245	802850	805318
85.65	823686	803618	817933	804612	803794	804766	804702	819051	804329	804480
85.65	824520	802550	818743	802907	802081	825010	805108	820194	805032	804877
85.65	825260	805016	823457	804554	804118	826228	802826	824043	803946	802930
85.65	826446	805143	820764	804523	805279	824291	804284	824660	805133	805001
85.65	825938	804695	823983	804776	804349	824081	802350	803350	803255	803057
85.65	824361	803899	823484	803296	804147	822263	803227	801841	803074	803499
85.65	827827	804282	822848	804744	805522	825415	803619	824759	805711	804875
85.65	825037	804966	821961	804950	804725	824250	803458	822889	803502	803848
85.65	824508	806216	820331	805708	804463	823433	801662	819062	801033	802121
85.65	825204	803378	822540	804274	806103	824189	805905	803373	804709	803369
85.65	824071	806084	822385	806202	805765	824409	803804	805060	805078	803239
85.65	826551	806242	822785	805578	806812	805593	803204	822155	804350	804518
85.65	826865	805958	820846	804290	805775	826189	804462	804029	803954	804558
85.65	828568	805106	821992	804866	802371	824955	803515	820439	804087	803544
85.65	826376	807248	823786	807143	806951	826238	805124	822152	805233	804570
85.65	826958	805047	821283	805920	805118	826418	806240	824409	805427	804829
85.65	825625	805112	822740	804857	804760	823544	804271	803462	802823	804074
85.65	825086	803828	823097	804154	804274	823402	802483	803986	803298	803282
85.65	825249	806443	825962	804004	805042	823609	803401	821751	803171	803952
85.65	827261	803705	826281	804722	803932	826762	805008	825240	805368	803640
85.65	824682	804811	822298	804529	803650	823662	804930	822957	805127	804396
85.65	825800	806471	825145	807742	807216	826841	803698	820631	804377	804357
85.65	824564	803798	822499	804221	804143	824183	805094	804664	804127	805368
85.65	824845	804258	823459	807141	805523	825673	805680	804912	805924	804664
85.65	824486	804101	823664	804839	804173	805382	805186	822817	805524	805159
85.65	826747	804856	822415	804222	805489	825967	804273	825825	804620	806018
85.65	823903	804673	823169	804861	803179	803502	802005	818213	801582	801761
85.65	823154	804783	825214	804692	804498	821452	804715	819767	802032	803970
85.65	823486	804860	823828	806193	804166	827530	805961	822539	805272	805277
85.65	829906	805560	822923	805619	805686	824667	805513	804796	805352	806419
85.65	828702	805461	825254	804844	804968	823856	805110	820432	804346	805257
85.65	822297	802211	824195	803677	804189	821472	804052	821519	802522	804339
85.65	822166	805076	823212	805181	804392	824641	804731	805697	804252	805556
85.65	825828	803243	822438	803949	804126	821318	803912	823579	803103	801434
85.65	823023	802894	821787	803698	802577	820625	802634	803208	802911	801288
85.65	828669	805358	822283	805400	805721	822847	803083	822502	803333	806016
85.65	821677	806501	823768	803783	805815	825785	804024	821433	803538	804646
85.65	821072	801739	819684	801675	803066	829234	805474	803913	804217	803980
85.65	824505	803477	823096	805249	803871	804755	804862	804568	804709	804168
85.65	824561	804914	821829	806506	806533	824538	804091	822311	805534	805398
85.65	829718	805778	823389	808150	805214	823569	804546	804107	804840	804024
85.65	824138	804593	821494	804614	805920	826635	805324	820815	805001	804942
85.65	822603	804004	820777	803638	804403	827076	804607	823485	805361	804655
85.65	821126	803800	821273	803437	803051	825854	805680	804333	805645	804827
85.65	825165	803260	819571	803923	804153	824782	804415	807145	804247	805571
85.65	824637	805279	822012	804335	803833	826943	807211	824864	805901	805824
85.65	830727	806730	825266	807462	807968	826263	805044	824200	805300	807706
85.65	824241	801275	820505	800567	801663	821076	802576	821588	803130	803218
85.65	824689	804530	823013	804754	806616	823304	803360	821724	806018	806034
85.65	822505	804672	818047	804885	803589	823874	802567	820283	802559	802521
85.65	828883	805535	823926	808280	805251	824658	804491	824898	804430	805889
85.65	824918	806448	824971	805333	805742	824842	804599	823171	803887	803899
85.65	826624	803813	821341	803552	802700	822726	804506	821929	805116	805415
85.65	825167	807128	820539	807128	806652	824312	804822	805233	805276	803794
85.65	823236	803499	822060	803322	803382	823291	805450	819895	805399	806336
85.65	826448	804603	823534	805347	805621	824120	804556	823332	802712	802786
85.65	827164	805902	819423	804641	804501	823890	805252	821184	804644	805009
85.65	826787	804126	820383	805155	803646	826218	804897	823155	804330	805579
85.65	825978	805522	823671	805203	804385	821818	804194	820953	804204	804627
85.65	828747	806734	820555	803813	803597	802687	801527	802423	802173	803382
85.65	827847	805474	822157	806698	805275	825842	805477	822237	805110	804472
85.65	825592	805286	822438	805215	804094	824472	802920	817760	802697	804112
85.65	824929	804863	821963	804921	805094	826712	805944	823292	804616	805656
85.65	825036	805226	821321	804038	804240	824844	802890	820142	802565	801813
85.65	825928	804935	822665	805374	805742	823372	804260	822526	804123	803753
85.65	825564	804670	822041	804495	804872	824275	806249	820512	804277	806184
85.65	824923	804390	822200	804171	805478	804778	805192	821552	806082	805160
85.65	825602	804869	827148	805932	806068	824616	805513	804352	805072	805838
85.65	826883	805720	823033	804796	803719	824846	804884	822190	806136	805813
85.65	826282	802625	818347	803369	803411	827966	805074	823334	803084	804213
85.65	824337	804075	820285	803041	803529	824503	805611	825508	807113	805985
85.65	827639	805604	821317	804203	805864	826482	805563	823031	804982	804335
85.65	824038	803459	823043	802894	802490	825982	806324	823158	804546	804273
85.65	827590	805803	824061	806377	805314	823600	804683	824626	806749	805608
85.65	824547	803618	824138	803742	804340	825021	805308	803698	803924	804708
85.65	822802	803592	818058	801998	802675	823508	803329	821124	802846	802985
85.65	826302	805423	824437	802765	804241	823908	803529	802365	804223	804195
85.65	823750	804056	819329	802582	803856	823666	802822	821447	803581	803874
85.65	824446	806414	824841	804888	803942	824303	804943	822270	805142	803851
85.65	820371	803649	821580	802406	802648	825863	803606	802977	802394	803367
85.65	825329	804157	823253	804901	804253	824214	803917	822500	803434	803139
85.65	824605	804457	822493	804553	805484	825505	805813	822698	806233	804308
85.65	821816	804287	820790	802564	802761	826758	804777	820660	804823	804766
85.65	821450	805596	819644	803821	803953	826510	805502	824346	804534	804304
85.66	819742	803816	818838	806246	804097	826992	806149	805328	805478	805516
85.66	823260	802607	819802	804122	804865	802616	803719	822286	801991	802777
85.66	825058	804465	824582	804398	804697	825676	807982	806285	806916	805550
85.66	825332	806201	821173	804449	805158	823993	804651	821624	801566	802164
85.66	822690	805000	823043	802905	804172	825124	804139	804084	805164	805557
85.66	825990	806737	824862	805422	805782	823672	804349	804416	806106	803970
85.66	822567	804640	822209	803578	802806	825570	806460	824210	806821	806072
85.66	825650	803383	821581	803232	802736	805170	803889	817766	804726	804713
85.66	827360	804072	819618	804795	804797	823292	804392	819895	805050	803718
85.66	822190	803973	818634	802915	803615	822706	805768	804563	805388	804640
85.66	822457	804986	822775	803472	804439	822856	806477	824667	805593	804257
85.66	825348	803370	818521	804097	803375	825278	803739	804127	804807	804351
85.66	821859	805094	823719	803924	805257	804218	803454	819137	804711	802879
85.66	819275	801754	818364	804213	805089	824383	806282	822533	804213	805407
85.66	827022	805640	823837	806453	805961	824146	804555	804937	804044	804859
85.66	824570	803774	820851	803900	804381	824340	803537	823036	803993	804502
85.66	822258	804245	820170	803169	804042	820795	805165	821323	804887	803819
85.66	823160	804596	822274	804122	804023	823867	803028	820837	802963	803632
85.66	825558	805174	821783	803418	803983	804373	802940	822140	802776	804701
85.66	823519	803269	823107	804236	805005	824697	805006	822946	804518	804162
85.66	824401	804038	819767	803511	805170	826030	805546	825096	805225	805891
85.66	824969	805673	824845	806624	804424	823513	802770	819682	803129	804225
85.66	820793	802199	820089	803176	802608	826862	806009	822768	805967	804785
85.66	826096	803673	825471	803093	804432	824406	804305	823506	804807	805327
85.66	827148	805866	824540	806367	807090	804825	804255	824603	804623	804201
85.66	827631	804828	821537	804353	804695	805125	803971	819201	804396	804731
85.66	826403	806905	824513	805908	806330	824810	804273	803170	803875	803967
85.66	828530	806659	820174	804408	805390	825023	803017	819685	802510	802456
85.66	828280	803798	821582	804683	803017	825720	804469	805066	805833	805205
85.66	825052	805051	822307	803717	804884	823048	804478	822503	803720	803379
85.66	824923	804916	820336	803356	804255	826314	804134	804161	805197	804796
85.66	824566	803564	821417	803023	804714	822918	803467	822503	804160	803438
85.66	824203	804437	820222	803706	803814	804403	804017	821091	802681	804633
85.66	824335	803283	822815	803627	803296	803690	803330	803009	803696	803761
85.66	829292	806402	822226	806340	806492	826666	805001	821005	804477	804915
85.66	824971	804129	819225	802419	802941	823798	804021	804309	804384	803288
85.66	824092	803474	819863	803348	804011	823795	801952	819887	802810	802694
85.66	825495	802956	822786	803185	803572	806126	806685	825700	806453	806467
85.66	824573	804740	821012	805110	803727	822870	804314	822498	802570	805296
85.66	824735	805706	823129	804341	805627	822758	803328	826709	803761	803388
85.66	824781	803387	822543	804938	803774	828191	805540	822650	804674	805640
85.66	824435	804763	825596	804094	805235	829065	804774	824380	803259	803904
85.66	826257	804450	820621	803693	804558	825317	804549	821115	803592	803601
85.66	825975	804464	822084	806473	804229	827107	805659	803851	803645	805200
85.66	824866	803686	820529	802268	803545	825686	803071	803275	804299	804278
85.66	825986	805569	826130	804211	804108	825026	803969	821664	804939	804776
85.66	822638	803043	822207	803212	803495	825434	804328	804141	802816	803770
85.66	827557	805717	822028	804514	804686	825646	804644	823204	804461	804519
85.66	824889	804850	823146	803504	803826	827142	803967	803742	804566	804453
85.66	821595	801451	821244	802156	802572	824390	804475	820316	803970	803118
85.66	824718	804020	824659	803302	805378	824940	805555	803653	803975	804555
85.66	824462	803929	820824	804927	804852	802894	803213	821588	801496	802494
85.66	824793	803426	821323	804892	803448	825502	803486	820616	804572	804856
85.66	824848	806151	825876	804675	805888	804296	803301	804125	802589	803488
85.66	826451	805346	824337	808080	807062	825673	805403	823091	805391	805127
85.66	824504	806331	824245	804787	806961	823009	804792	804247	802912	803378
85.66	824708	804302	822300	802682	803923	823631	804734	804358	805116	804119
85.66	827739	804498	823355	805943	803991	824612	803284	821642	804294	803990
85.66	826125	804072	820156	803597	801982	823812	802266	818582	802891	802382
85.66	828248	805327	821417	804889	804987	807481	805278	807338	806199	804708
85.66	825044	803520	822771	803480	802944	823951	804676	825335	806201	805554
85.66	823209	805017	822916	804025	805545	824116	803445	803147	804409	804339
85.66	825476	804653	823192	805046	803282	823611	805424	804519	804973	804467
85.66	823570	802918	820674	804738	804050	822210	804620	823628	805146	806144
85.66	824107	804466	821969	804625	804128	824946	805698	825122	804990	806142
85.66	824119	803569	820928	802180	802453	827110	804191	824315	805577	804525
85.66	824510	802920	823843	805252	805821	825880	804825	821254	804637	804216
85.66	825100	804407	823230	804734	804182	824380	803102	802708	801934	803265
85.66	826573	804608	825226	803749	803821	823022	804118	818962	803798	803130
85.66	824835	805566	821106	805118	804206	825408	804308	822541	803182	803641
85.66	824532	803882	822294	801664	803860	803701	803723	823289	804240	803693
85.66	826748	806243	823814	804574	804879	824990	804995	804668	804029	804479
85.66	823598	803813	821132	802733	801902	825539	803878	822110	804729	806561
85.66	825141	803613	820540	804153	804978	827492	805613	823686	806959	805686
85.66	826693	801132	820055	802414	802936	825983	805859	826115	805599	804943
85.66	825587	805419	826117	803572	805147	824559	806661	824237	804913	805885
85.66	825442	801724	820116	802235	803910	823515	803784	821518	803269	805333
85.66	828800	804813	823789	805025	805237	825766	806207	823660	803903	803361
85.66	823545	805402	825393	804959	805956	824522	803849	822810	805879	804431
85.66	824769	803610	823222	803615	804866	825603	805013	823941	805099	806080
85.66	825786	806116	821547	805435	804283	824235	803428	822434	804562	803162
85.66	828210	803061	824937	804197	805691	823844	803331	801627	803093	801401
85.66	825543	803090	825608	801856	804645	826139	806421	823111	805734	805450
85.66	826809	805288	825077	805695	804733	802957	802397	822402	803235	803423
85.66	825698	802872	823377	803852	803241	824857	803128	821217	803747	803282
85.66	824849	806731	825314	806321	805624	824401	805698	824452	805396	806624
85.66	828544	804345	824728	803338	802636	805274	804465	805379	805252	806277
85.66	825259	806186	823584	805434	805409	826606	804454	822532	805445	804988
85.66	824412	803673	819302	802449	803648	825145	804152	823266	804767	804637
85.66	827870	806714	822023	806560	805716	811066	803529	821025	803570	803228
85.66	828413	804229	823328	803912	804778	823356	804661	803525	804273	804299
85.66	822611	801008	818138	800912	799933	826133	804452	802878	804397	804434
85.66	827827	805812	825984	804346	804350	824741	804220	818947	803425	804066
85.66	827939	803994	826936	804384	803665	825802	804293	823146	803435	805695
85.66	829273	805902	823893	806181	805170	829454	805834	826157	804598	806729
85.66	827869	803013	820968	803870	802288	824916	802707	803935	804073	803564
85.66	826693	805775	824243	805459	806060	827747	803143	822404	804028	803440
85.66	823328	803420	820929	803339	802938	827639	806414	804317	805896	804603
85.66	822713	803168	823913	804250	802952	825986	803882	821802	803166	805678
85.66	826057	804497	821694	804992	804054	828197	804767	805604	803782	803562
85.67	824753	803359	821152	802951	802862	822843	804583	824458	804425	803585
85.67	825257	804377	822319	804413	803334	827304	807604	825673	806704	806388
85.67	822948	802805	821040	802981	802307	828627	807837	826768	805903	805733
85.67	823722	805184	823867	804473	804006	803788	803601	822208	803933	803794
85.67	821992	803568	825754	804489	805362	821525	803908	802691	803148	803295
85.67	826813	806348	825978	805925	807324	826427	807326	824645	804870	805977
85.67	825160	806582	823264	805053	805446	807594	804251	821281	805392	804634
85.67	826872	802802	821527	804680	803646	823759	802502	821427	802479	803177
85.67	825743	805248	823367	804038	804429	820182	800789	802168	801641	801782
85.67	826059	804153	824873	804255	805760	824485	807549	826464	804870	805141
85.67	823277	805729	822435	804783	806205	828702	804081	804647	805023	803686
85.67	828546	804705	821355	804837	804568	804830	805428	824058	805329	806375
85.67	824049	804902	822223	804517	804955	825893	804176	803178	803511	804160
85.67	825846	804574	823587	804045	804567	803782	802681	820818	802715	803104
85.67	826491	805256	824164	804289	805095	824769	804078	804248	804583	803987
85.67	826048	805568	823705	804854	805289	803282	805129	824631	804015	805115
85.67	822371	803549	823819	803921	803381	807435	804597	804772	806776	804786
85.67	825500	804728	823579	807066	804807	804196	803802	803910	804590	804088
85.67	826448	801461	823985	803364	803566	823170	801943	822997	802637	801431
85.67	822318	803811	821434	805998	803161	825789	805904	822962	806412	804964
85.67	825902	805213	825097	804471	806688	823626	803096	803026	803263	803977
85.67	825765	804875	823653	804706	805632	822979	804257	820977	804935	804327
85.67	826717	805889	824679	806118	807039	805216	805345	803449	803762	804679
85.67	827690	806885	822917	804848	805254	824330	803933	824236	803254	803273
85.67	827083	803824	821992	804150	803597	827961	803570	805235	805125	804249
85.67	823288	802963	821762	803778	802940	824471	804617	821802	803826	805357
85.67	827850	805648	825124	805923	806971	805953	803329	823534	803848	803921
85.67	824372	806274	823748	804442	804082	805553	805895	804335	818001	804082
85.67	825480	804087	822245	802879	803526	805255	804745	804623	805004	804234
85.67	828958	805558	824610	804641	804694	802901	801439	803621	802522	802733
85.67	824107	804172	821235	802494	802946	823534	803862	822702	804172	803871
85.67	826450	804362	824372	805070	805794	824958	806195	804965	805839	804660
85.67	825706	804376	824414	803187	803785	829279	805135	805200	805129	804319
85.67	822347	803771	822123	804044	803578	828329	805148	804328	805824	804632
85.67	824116	802431	823803	803831	802354	825690	805259	803668	802305	802612
85.67	827712	804932	825523	805495	805828	802528	802709	820163	801673	801460
85.67	826637	804155	824028	804409	804613	822541	803372	801581	803197	803317
85.67	827030	804620	823574	804577	803059	804065	803841	802800	803419	802596
85.67	827534	805230	822567	805312	807153	805352	805270	823819	805698	806821
85.67	826834	805099	823322	803039	803943	829609	803719	803947	803758	803996
85.67	825745	806191	826739	806527	805775	827180	802886	802871	802793	803770
85.67	827324	804601	821863	804491	804068	804550	804455	824512	804633	803081
85.67	826728	803013	824597	803786	802097	804413	805082	803187	803976	805511
85.67	826412	806924	821838	805629	806130	804706	805523	805280	804688	803889
85.67	823888	803129	819302	800358	803036	823528	804941	806873	804000	805379
85.67	824129	805531	822343	804101	804974	826280	806803	825444	805877	806181
85.67	827435	806411	824163	804509	805456	826705	803760	804175	804073	804793
85.67	828292	806174	821804	805559	805112	828226	804544	821444	803866	804241
85.67	827002	804106	821812	803953	804613	824980	804758	823037	803719	803898
85.67	823055	802742	823124	804485	804078	823401	802679	821104	804350	804911
85.67	824898	804530	825380	805766	806234	803605	801962	821552	801971	803274
85.67	825932	805155	824811	804349	804809	804224	803930	821813	803140	805156
85.67	828840	805198	825735	804920	804886	822762	803118	801936	802933	803928
85.67	825490	804069	822018	803476	805769	824347	803688	803671	803932	803072
85.67	825230	803442	823712	804508	802934	825599	805519	823034	804958	805430
85.67	825076	805917	821998	804832	805335	825865	806546	823362	805854	804885
85.67	826474	804373	823006	804692	804759	825506	804110	820917	804374	804244
85.67	828981	806191	825972	804837	804735	827990	803114	803206	803636	804667
85.67	824961	804048	820689	803694	803956	805068	805150	825695	806138	806223
85.67	824253	803549	817805	803218	802862	827187	806467	805629	805136	806710
85.67	828870	804295	822967	805275	805842	826964	802734	803807	804293	804154
85.67	826070	802642	824297	802640	803911	823539	802593	818205	802307	801681
85.67	830585	806279	826138	805665	806292	825557	803359	823073	803236	805604
85.67	823723	804330	821121	804621	803051	824923	805130	805313	804118	806293
85.67	826081	804448	819775	803257	805066	804196	802530	801608	803580	804052
85.67	826743	806440	824382	803119	803687	821827	802882	822570	801662	803857
85.67	823744	803262	821560	805414	805076	805143	804283	803791	803407	802253
85.67	824046	806389	821244	803760	805000	802574	802476	821320	803064	804256
85.67	823665	803073	822923	802854	804589	804467	803833	823165	804382	805083
85.67	825313	803971	820899	803808	802818	828368	804077	826672	805620	804671
85.67	826105	805243	824621	803244	805760	824952	803133	822868	804347	803033
85.67	827780	806088	822917	804962	805228	824100	803273	821668	805224	803576
85.67	825466	804706	821958	803608	802613	825039	804034	804256	804531	806317
85.67	826015	804650	821636	802813	803445	824846	803582	803858	804427	803443
85.67	827210	805017	822521	804839	805757	821623	801442	820483	801332	801330
85.67	827444	803851	822190	805220	804160	802708	803604	822118	802722	801913
85.67	827389	806233	822791	805809	806454	826929	806638	823433	804453	806638
85.67	823469	802868	821174	803821	804379	805796	804033	820606	803351	804465
85.67	829018	805119	822292	804403	804880	805462	804556	805601	805069	804019
85.67	827687	804537	824296	803247	803701	827057	806539	805172	807286	806276
85.67	826906	804657	823713	805070	804232	805032	804282	803889	802881	804189
85.67	823799	804992	822286	804336	805319	824798	804663	824147	804218	804301
85.67	829962	804759	822164	804792	805296	825709	803876	821172	804860	804531
85.67	825148	804938	822161	803990	804730	827670	803704	804178	804462	803398
85.67	829521	803352	821841	803524	803376	827265	803498	803177	803894	803839
85.67	822054	804580	823113	802921	803891	822026	804356	803225	802046	802515
85.67	827670	805671	822624	803804	806229	823485	803412	819459	802004	801776
85.67	827904	806135	822574	805812	806324	803559	804263	803647	802900	803794
85.67	824859	803973	822999	805001	804666	823806	805389	823140	804224	804771
85.67	823231	803708	824515	802863	802963	825451	804935	806069	804155	803641
85.67	823774	804487	821422	802826	803622	827334	803929	818454	803606	803670
85.67	824530	803128	822082	802045	802508	825200	803913	803649	803716	804594
85.67	824645	804430	821585	804081	805557	803080	801652	821050	802581	803823
85.67	828036	806381	824629	805915	806208	824272	803708	820837	802454	804649
85.67	829960	806543	826116	806353	806698	828041	802972	822498	804789	803007
85.67	824515	804151	822091	804433	805827	824302	804638	804344	803304	803436
85.67	824876	803454	824776	803895	804129	829356	804623	822914	805003	805956
85.67	825927	804358	820472	803389	802765	826068	804695	803489	803938	802852
85.67	827226	806068	824753	804742	805181	824357	804291	802945	804851	804676
85.67	825167	804774	823836	804565	805634	826398	804119	820958	803176	805803
85.68	827277	805313	822043	803078	805220	804351	803527	823706	802972	804649
85.68	827607	805484	821809	805420	806291	826020	802955	819207	803730	804306
85.68	820897	804162	821765	803703	802793	824889	806844	805459	805299	805888
85.68	827007	803380	819384	801642	803152	825818	802881	819269	801742	801901
85.68	823883	804145	821874	804882	803632	803666	802575	821036	803378	803647
85.68	825376	803607	820140	804257	802326	803224	804373	820558	804341	804414
85.68	825268	803163	818916	802917	801971	829067	804824	825078	805283	803836
85.68	828237	805941	826378	806781	807410	822130	803297	819860	803786	803836
85.68	824270	805482	823298	804394	803662	804603	803957	804878	804238	805988
85.68	826415	805832	825543	804110	803193	826327	803476	821579	804447	802832
85.68	824798	804840	824535	804340	804929	805705	805099	805662	805504	804941
85.68	828080	804939	827022	807397	805895	825507	803216	802381	803635	803180
85.68	825816	804540	818932	804695	804532	806561	805276	823500	806008	805463
85.68	827118	806948	824999	806221	806772	806154	804050	806825	805879	804088
85.68	823685	802978	820486	803217	802414	807147	805771	803494	805459	806058
85.68	828520	804959	823646	803891	804509	827337	803874	804577	803758	803112
85.68	826952	803682	823559	804163	804843	802586	802418	803013	802953	804485
85.68	826954	806168	824668	807458	807660	803356	802952	802336	802113	803957
85.68	825779	803657	820986	804207	805090	821904	803856	804158	803324	802744
85.68	824608	807432	821151	805861	805442	804524	804074	819497	803751	804783
85.68	824714	805611	823674	805227	806377	823926	804999	821074	803863	804309
85.68	823706	805201	820740	806466	805406	822419	804284	803895	804095	804633
85.68	825459	803596	821024	804564	805855	826026	804205	804742	804418	804984
85.68	823681	803650	823526	804699	804585	823667	803901	820496	803731	805130
85.68	829019	806966	827198	807775	806784	827139	803833	822009	804208	802438
85.68	826684	805558	821661	802843	805230	822574	804535	819531	803012	802842
85.68	825608	804412	824668	804913	805584	821314	802221	802575	802761	802917
85.68	826750	801002	822694	801347	801208	803940	803655	821979	804246	804037
85.68	827901	803501	820615	804279	803593	804046	804285	803972	803582	804478
85.68	825726	805409	821489	804534	805341	805973	804790	822187	803696	804188
85.68	825553	805622	823409	803478	803804	824523	804126	803233	804853	805399
85.68	827705	805475	827826	804595	806036	820002	801968	802156	801456	803869
85.68	825203	804645	823108	804246	804660	806992	805300	822408	805021	804905
85.68	826568	804548	820428	805674	804540	825116	803821	823572	803854	803743
85.68	828114	804446	821751	804484	804320	804985	804997	804443	805182	804317
85.68	825605	805757	820808	803330	804411	805028	804214	804065	804635	804459
85.68	822986	805362	823219	803212	803778	825929	804229	823807	805149	803010
85.68	826444	805660	823978	804607	805701	824128	803788	802262	803637	803508
85.68	827070	804938	820266	802954	804125	824381	803854	822234	803474	803804
85.68	824347	805345	823879	804006	803658	825620	803982	803443	803947	804318
85.68	827186	802887	822670	803262	804165	828664	805536	806298	805769	805790
85.68	824502	803090	822863	803755	802792	826046	805226	804258	804196	804881
85.68	825879	805156	826472	806006	805037	827017	805020	804072	803992	805142
85.68	825027	803023	819126	802817	802334	823090	803851	821219	803742	802126
85.68	826020	805626	823329	804725	805811	805777	804517	803697	804343	803909
85.68	828623	805502	824282	806700	804662	828157	803960	823051	804787	804418
85.68	821212	804364	820852	802902	803728	826424	805472	823951	802880	803696
85.68	825941	803567	823760	805968	807498	805716	804033	820678	802595	802813
85.68	825875	805229	825611	805367	805147	824125	807371	822750	804462	805643
85.68	826518	804659	823079	803949	803808	827868	803636	823665	804186	804475
85.68	826859	805611	824024	804561	805183	823654	804059	803297	803455	803827
85.68	824346	803761	820573	805407	803783	826772	803628	822343	802254	800836
85.68	825951	804802	824093	805337	804426	825718	803568	804095	803048	802852
85.68	823018	804215	826251	806219	805801	825738	801958	800539	800613	800609
85.68	821981	803049	821225	803054	802703	823038	806754	825012	803854	804953
85.68	824249	806062	821852	806222	804311	804271	804236	819291	804648	803661
85.68	823245	804167	822384	803898	804491	828384	805940	807526	805590	804975
85.68	824396	803384	821750	806235	805741	825022	803401	822023	803940	803705
85.68	826063	806975	823213	806423	805361	824588	805062	803373	803471	805111
85.68	828299	805122	824429	803611	804091	803475	802366	821917	803537	802299
85.68	825019	805143	820483	804100	804909	825005	804878	805360	804294	804374
85.68	825635	805345	821476	805012	804279	805502	806905	807475	805910	805407
85.68	827968	805859	823467	805157	805540	806124	804466	806579	805740	806302
85.68	827049	802899	821764	804405	803055	821205	804117	819491	804201	804827
85.68	823500	804017	822593	805196	804310	805365	805282	804499	804601	804835
85.68	825309	803968	822463	804330	804289	823431	805019	804535	802765	804136
85.68	824681	802211	821331	803157	803974	825309	802686	820687	803685	804413
85.68	824129	804407	823088	804270	804189	801397	803108	802878	801515	802911
85.68	825036	805023	821875	804398	804418	805044	804880	804341	805453	804550
85.68	821420	802040	818947	802551	802818	827985	805655	824289	805803	805986
85.68	824824	805952	821432	803750	802558	827492	805586	804712	805010	805447
85.68	826378	804009	824018	804532	806324	805460	804221	805955	803359	801899
85.68	821206	804080	820687	803876	804111	803995	803439	821778	802648	803533
85.68	829785	806332	826044	805844	806704	821914	805105	821254	802577	803251
85.68	828073	804955	821566	802259	803354	824686	803027	820188	802759	802387
85.68	823001	806218	819581	803390	803518	821232	801780	818473	802012	800869
85.68	826633	804642	821777	804968	804937	823863	802328	823470	805260	805376
85.68	825455	803295	820604	804564	805533	803192	803744	823597	802874	804033
85.68	827848	806969	823363	806009	804864	825816	804672	821626	805609	807123
85.68	822356	803959	823295	804819	803975	823223	803809	820054	803905	804584
85.68	823755	803307	821891	805462	805907	821589	800894	800566	802040	801318
85.68	822623	803227	821597	803873	804355	827277	804760	821387	804564	805016
85.68	823832	804384	820165	804898	804382	823165	803233	821865	802593	802733
85.68	825288	803564	824192	805029	804449	805095	803892	819875	803106	804130
85.68	824275	806248	822621	803697	804500	825858	805757	824946	803499	805827
85.68	829152	803972	822476	802770	801280	800888	800319	819601	801594	802406
85.68	825022	804001	822016	805411	806074	824595	805878	819232	804803	805208
85.68	826148	803652	824634	804602	806704	822704	801419	821408	801121	801900
85.68	827067	804560	824126	805073	805223	825617	801970	822540	801410	802363
85.68	827879	806475	825290	806267	806739	803800	801765	822041	802940	803174
85.68	824422	801382	821709	803845	802808	801808	803152	803808	803398	805245
85.68	823562	804806	822557	805423	806177	802462	801530	820337	803572	804625
85.68	822855	802615	821908	803116	804243	826351	805307	820717	805149	804700
85.68	827350	803223	821319	805231	804131	822803	803070	801914	803595	802500
85.68	823690	805541	818977	805410	805910	823747	802779	802471	803794	801903
85.68	825098	804874	819533	804590	804338	823133	803684	821719	803867	803888
85.68	824653	802891	819702	805069	804437	818820	800710	801716	801417	800225
85.68	824021	804546	820121	805113	805719	801337	803591	818479	803873	802216
85.68	827394	804536	817474	804540	803633	821083	803758	818690	803810	803775
85.68	827328	805871	823403	805787	806143	825123	803808	820505	805323	804790
85.69	826328	805837	823698	806016	806185	822218	802276	803835	804904	801858
85.69	827630	804637	824657	805287	807133	825202	802065	820659	803216	803618
85.69	824850	804602	823845	805676	804410	824573	803906	817750	802493	804914
85.69	821674	804350	823743	804455	803828	805019	804282	803605	804290	804495
85.69	825965	804505	823833	804310	806210	804816	804082	821183	805326	804151
85.69	822954	802581	819448	803175	804053	803186	801796	802548	803818	803065
85.69	820333	803011	814654	803866	803504	801189	802654	817842	802488	803164
85.69	823504	806050	821286	805574	806019	821904	804614	818641	804128	805915
85.69	823464	804610	821510	804768	802878	821364	806198	822552	804289	805739
85.69	824614	805023	820055	805212	805280	822061	804225	804017	804806	804072
85.69	821834	805131	820572	804887	804635	804077	803278	819277	803144	803094
85.69	825253	804845	821306	805387	806072	802775	803963	819570	803870	803841
85.69	824165	806899	820867	807319	806054	821171	803730	805005	805178	803612
85.69	822720	803859	821705	804476	804217	822400	803045	805755	803015	803385
85.69	825885	804141	823444	803029	804137	823251	801661	819983	802811	802099
85.69	825192	805892	820938	803216	805954	824219	804818	821443	804006	804572
85.69	829133	806740	820922	806185	805813	804910	804044	823219	804178	804989
85.69	824774	804996	823380	804722	804541	803979	803437	821548	804585	803859
85.69	828014	803908	821146	803501	804618	824591	803826	802930	803299	802371
85.69	823834	803830	815934	802634	804468	822490	800648	817374	799598	801637
85.69	824853	803451	823052	804068	805440	820995	803295	820495	803693	803575
85.69	823497	804424	821076	804425	804823	804000	803122	816980	804563	803876
85.69	826269	804472	822870	804092	805475	824690	803815	822985	801512	802615
85.69	825844	803995	823394	804192	806354	804221	803244	821945	803695	805810
85.69	826137	803503	823189	803540	804455	803811	803732	823985	804852	803977
85.69	824717	803220	819878	803408	803057	804246	803382	820865	802829	804187
85.69	824832	804448	822397	803580	803640	824566	804869	823746	804929	804289
85.69	828387	805101	822100	804960	806245	803014	803116	802542	802798	802615
85.69	822466	803753	820613	803346	802174	803563	803305	803344	803476	804169
85.69	827373	804552	822958	806760	804008	803826	802294	821885	804123	802946
85.69	826718	804452	823150	805219	804978	822615	803450	804503	802438	804574
85.69	823631	804675	823025	802752	805907	805179	804473	823030	803753	803497
85.69	825614	806356	825437	804755	805782	827432	804452	804047	804390	804415
85.69	825420	806691	824777	805733	807907	826408	803528	821708	801843	803625
85.69	827885	804637	823686	805079	805081	828078	804161	825720	805034	803731
85.69	824978	804341	823335	804957	804014	826589	803518	822981	806015	804708
85.69	822645	806581	821454	804313	804838	825424	802508	803643	802638	801658
85.69	825417	805652	820994	803461	804577	827531	805545	821456	804390	804735
85.69	825454	805030	823541	804719	805601	826508	803269	826029	802559	803733
85.69	826739	803590	821994	804255	803396	823717	803178	820616	801442	802261
85.69	826121	804163	821874	803550	805189	803151	802399	801812	802209	802012
85.69	826251	803670	820072	803669	803946	803402	803715	821721	806384	803404
85.69	825419	805037	821459	804455	806748	826298	805890	823631	803185	805059
85.69	827029	804365	822986	804627	804633	827081	804363	822530	804898	804881
85.69	827607	805382	820711	803523	804200	805220	803312	821808	805644	805621
85.69	824823	805045	822039	802757	803620	804238	805298	805627	803249	804463
85.69	827318	805346	826342	804887	806759	822667	804310	822051	802036	803477
85.69	823613	803104	821023	802510	804101	804530	803697	803161	803454	804795
85.69	827299	804980	824636	804986	805645	823150	803701	823649	802602	802481
85.69	824095	804956	819552	803857	802721	825627	806010	823158	804495	803797
85.69	825856	805750	824053	804987	805817	828311	804219	824054	806436	803777
85.69	827601	806100	822526	804749	804526	824695	803860	821640	803397	803661
85.69	826918	804221	825220	805335	806157	801363	800864	801510	802523	801517
85.69	829315	805261	823780	805251	804709	824909	805954	821529	806438	805844
85.69	826862	803440	823632	805229	804866	825247	804047	821505	804252	804557
85.69	826707	804441	823885	803390	804602	825959	804796	825853	804844	802075
85.69	827259	805772	824370	805936	806862	804045	802895	803374	803067	804951
85.69	826906	805265	824351	806157	806201	824663	804707	826103	804635	804846
85.69	826537	804220	822027	804199	804061	827913	803388	823989	803765	803985
85.69	824074	803217	824040	805066	805387	804881	803887	822206	804091	805302
85.69	826422	804532	826710	802621	804341	828095	803560	827063	804179	803747
85.69	827272	805602	823188	803929	804654	822328	804643	822180	802245	803761
85.69	825311	805095	825086	805674	804900	827791	803467	802548	806015	802738
85.69	822879	804246	822071	805236	804349	804016	804179	822002	805008	803173
85.69	825029	804022	822394	803932	804765	828956	805760	821125	804848	805581
85.69	825789	804998	821914	804551	805658	823259	802215	802097	802154	803201
85.69	827361	805618	823813	804852	805552	826771	806474	825978	805955	805751
85.69	827216	803615	825927	805614	804258	806331	804668	819948	804881	803787
85.69	829569	803936	823304	804420	803994	826413	805063	806891	805198	806133
85.69	827888	805608	824248	806042	805660	803818	804479	819187	804772	803714
85.69	828839	806131	829612	806295	805379	828142	804932	824536	805536	805841
85.69	824637	803002	823147	802819	802552	824285	803867	822406	802070	803470
85.69	822663	805362	822612	805118	804477	824639	804590	820870	804001	802956
85.69	827076	802941	823062	802992	802412	825702	802891	821906	802716	802606
85.69	830075	804188	823045	806081	805937	806259	804453	824043	805089	804953
85.69	824762	802737	822647	803245	804050	827127	804006	826614	804253	804857
85.69	827260	804507	821450	804884	805419	826546	804390	822812	804913	804354
85.69	827124	806861	823832	803312	804548	805178	806202	821381	805355	805577
85.69	830898	804937	823107	803702	804240	804498	803408	821683	803722	805677
85.69	826308	805174	824056	805273	804219	825814	804314	821253	804980	803846
85.69	824566	804170	823245	803290	804404	824856	802899	822026	803635	804076
85.69	830052	807017	824676	805828	807539	827052	804815	821823	804118	803383
85.69	827013	805135	826296	804699	804768	823919	803852	821385	803006	803359
85.69	827642	808284	825280	805985	806104	827078	806950	822952	806545	806529
85.69	828729	806061	822590	804924	804754	828247	806515	823437	805481	803354
85.69	825951	804996	824211	804749	804466	824555	803060	803856	804227	803391
85.69	828081	803329	822597	804375	803562	826687	801606	802136	802013	801962
85.69	826967	805892	825184	803353	804815	823223	803170	822442	804127	806135
85.69	827116	803578	819650	802551	803452	827450	803356	822754	802937	803589
85.69	831971	805535	826219	805605	805844	825168	803591	819975	802876	803770
85.69	825142	804953	822999	804133	805223	826993	803030	823589	802713	803029
85.69	826091	804552	822331	803901	804690	826518	805445	803190	802670	805018
85.69	825222	803591	822992	803412	805147	830606	805379	825689	805332	806404
85.69	827373	802023	822575	801913	801839	825521	806646	824372	805993	806376
85.69	826674	803059	822720	804017	803580	821661	806836	824324	805080	806327
85.69	827000	805003	822924	804403	804305	804376	803614	820942	803274	803451
85.69	824827	803503	821735	805903	805019	823949	804958	821702	804039	804662
85.69	825506	805205	825045	805112	806406	824115	803238	822550	804966	803173
85.69	828912	807914	827742	806934	806404	826652	806072	825454	805672	805791
85.69	824331	803710	823404	802935	803685	824956	803285	822810	803609	803640
85.7	826021	805794	827576	805727	806194	825857	804426	824423	804741	804765
85.7	824817	801993	821374	802570	802538	807491	807328	825580	805463	806368
85.7	826990	803494	818580	802537	802127	806373	804993	824764	805301	805042
85.7	823867	802382	823207	802230	803766	826425	805356	824618	805451	804477
85.7	823569	802589	821149	801796	802497	802231	802764	819347	801880	803679
85.7	827119	806489	825966	804903	804797	831861	806005	826608	804719	805798
85.7	826614	802922	821253	803983	803753	804763	804491	820986	804821	805139
85.7	828266	804771	827147	805234	803960	827593	804551	825873	805203	805264
85.7	827675	805468	828388	805302	805895	827898	806141	826123	806264	806110
85.7	828321	804646	826612	806418	805556	826141	805919	826582	805330	804287
85.7	827981	804924	825301	805662	807028	804389	803115	824012	802456	803630
85.7	829402	806644	825018	806117	805212	826334	804146	804803	803043	804079
85.7	826535	804765	822435	804067	804903	828403	802592	822927	804201	802415
85.7	822811	803797	820908	802121	805417	830005	805417	820813	803650	803820
85.7	825140	804066	821301	801967	802471	826118	804252	804040	804497	804385
85.7	828695	807250	827223	804648	804935	831001	804820	803616	804932	804033
85.7	828003	807631	827590	805796	805795	804453	802939	801675	802047	803768
85.7	829574	805160	826692	806471	804554	826223	804392	803312	801807	804608
85.7	825051	804361	822168	803785	801909	824910	806104	824951	805527	804448
85.7	830339	805170	824439	806340	805464	826820	803905	823414	804299	804039
85.7	810354	805363	808588	806149	805013	806893	804760	807705	805225	803614
85.7	812797	802797	810243	802011	803878	819487	802382	803088	802944	802434
85.7	823906	805254	818892	804091	803395	822311	805587	803878	803467	804202
85.7	822616	804011	819963	804239	803867	804377	804878	821974	805021	804596
85.7	824026	803435	821771	803922	806289	820510	804152	820665	802061	803647
85.7	823930	803881	821310	804430	804568	823092	805304	804768	804398	806573
85.7	827101	805082	820448	804849	804775	823004	803026	820104	803019	803051
85.7	827182	804912	822480	804152	805322	824720	804727	820508	804025	805890
85.7	821605	804890	823050	806131	804129	804806	805301	819891	804295	805877
85.7	824103	804783	822318	805103	803976	805360	802640	819757	803889	801559
85.7	824112	805643	823082	805146	804594	804896	803212	819822	804301	803916
85.7	819222	804004	818526	804721	802692	821862	802132	818532	803347	803811
85.7	824734	805261	820527	805016	806068	804235	804511	803921	803170	805392
85.7	822550	804134	821829	804806	804868	822395	804195	821150	803712	804438
85.7	821092	804133	820072	802764	803099	805224	804265	819466	802595	802974
85.7	820838	802551	820117	802019	802603	824807	803167	819313	803877	803095
85.7	822004	803215	824811	805405	802676	823847	803964	822097	803687	802312
85.7	825098	804396	824566	804180	803550	825654	803422	826898	803279	803987
85.7	823769	803668	822986	804196	803277	827083	803140	803303	803788	802030
85.7	826306	803530	823082	805269	804316	824987	805499	805147	805151	807016
85.7	826449	804652	825233	805830	803985	805864	803648	823642	804462	804607
85.7	822482	805670	826034	804961	804042	823480	802569	824525	803850	803807
85.7	825949	804420	821069	804460	804303	819741	803486	821196	803711	802766
85.7	818270	802097	820820	801858	802805	826051	804608	805349	804487	804651
85.7	823850	804452	821120	803571	803856	825670	805883	802692	804613	805223
85.7	825783	803097	821265	803753	803359	826627	807493	825979	805301	806146
85.7	827698	804049	825211	806393	805199	823103	804675	824042	803583	804404
85.7	825853	804013	825059	803854	804223	821784	801283	802750	802617	802550
85.7	826352	805207	822752	805289	804308	807005	806121	805134	805756	805537
85.7	826588	806198	828174	804853	805385	825824	803985	825363	803738	803684
85.7	827956	804702	825651	805233	805737	824270	805112	822153	803869	802749
85.7	825504	805562	824572	803735	805624	825908	805413	804507	805400	804927
85.7	825598	805737	824478	804885	805175	803876	803137	820520	803086	804023
85.7	823953	803815	824059	803471	804770	825849	802226	821384	802615	804192
85.7	823764	802373	821323	801702	801996	803947	802678	821584	804104	804917
85.7	825567	803597	823913	802663	804614	823786	804496	823073	804559	803409
85.7	821361	804462	819417	804445	802816	826260	803630	822394	803817	804654
85.7	825538	805384	825208	806041	804937	803950	803473	821297	803373	804753
85.7	827353	806384	825357	804928	805735	823611	804647	823780	804432	804794
85.7	827364	804841	821239	803847	804092	821217	803344	803139	804447	804069
85.7	827930	803845	823540	805759	805800	822864	802390	824279	803258	804262
85.7	826553	804378	823795	803825	804723	824385	806097	804635	805049	804621
85.7	826035	803935	826847	804414	805914	826333	805695	827348	806275	806597
85.7	822879	805667	827221	805431	804909	806555	805083	821505	804390	804661
85.7	824198	803213	822231	802071	803640	821327	803440	803900	805160	803668
85.7	825000	805145	823122	806149	806400	826673	806728	823866	803538	803307
85.7	826068	804402	821692	805442	805683	820847	804232	823566	804500	804717
85.7	824799	802691	821203	804139	805003	823738	804829	802326	802811	803506
85.7	825775	802531	821884	802606	802580	804196	803183	803531	803818	803480
85.7	821925	803665	823223	803503	803407	822463	804658	804178	803742	804861
85.7	821178	802306	821259	804530	803431	819781	801382	820694	801402	801985
85.7	822343	802648	823198	804511	803147	804215	803324	823500	804295	804051
85.7	827106	805818	825291	805919	805090	822676	804466	820378	804632	804485
85.7	825028	805098	827526	805660	806940	803216	801698	802385	803361	803311
85.7	821135	803318	821762	802547	803209	821926	804207	803987	804562	804302
85.7	823278	803403	819533	803591	803303	828176	806105	822366	804875	804993
85.7	823536	805056	825186	803967	804801	805768	806459	826143	805542	805281
85.7	822081	800749	818917	801956	800597	823089	801855	820906	802829	802927
85.7	820899	801705	821025	803189	801077	822296	804304	821886	805986	803962
85.7	823220	805893	821018	805132	804124	803113	803920	824466	804431	804584
85.7	828049	806522	822930	805872	806138	824223	805724	823629	803356	803893
85.7	829453	806283	820893	806363	805490	822010	803213	802973	802414	802819
85.7	823312	802808	820379	803036	802135	801352	800693	800416	801952	800050
85.7	825355	803927	820720	803856	806126	823612	803440	821442	804087	803595
85.7	821563	804111	822708	805495	805558	823848	803398	823764	804054	802997
85.7	825354	805221	823956	803862	804441	825877	803137	822871	803111	804256
85.7	827275	805932	822152	804059	804091	821861	801580	822449	804181	803433
85.7	826438	803578	822656	802936	802872	825088	805248	804637	802825	804408
85.7	822464	805121	819778	804601	805504	806045	803552	819216	804433	804017
85.7	824223	804149	822069	804063	803348	820199	801024	822531	800040	800944
85.7	824490	803917	824342	803229	803454	824982	803357	821716	803850	804540
85.7	822482	805680	820367	804842	805642	803156	801811	802084	803602	802238
85.7	823687	803265	821394	803726	804856	804534	804132	820646	806085	805645
85.7	824029	802261	822545	804517	804530	804050	803594	823185	802957	804406
85.7	826280	805111	820942	805004	804469	823651	804881	805263	805897	804144
85.7	821054	802739	818539	803495	804658	822993	804539	802817	803599	803754
85.7	820091	805477	823235	803610	804720	819636	802206	820265	802209	803050
85.7	825980	803474	821495	804648	803389	823208	803282	819944	804120	802031
85.7	823714	804084	822345	805211	804156	822833	802402	803574	803114	803426
85.7	819151	801899	819045	801782	802982	804461	804639	821409	804427	804779
85.71	825054	806577	824834	805333	807810	823520	802173	818499	804112	803065
85.71	823207	803461	820648	803530	803654	821457	804897	822918	803974	804172
85.71	821831	804228	822166	806002	805199	820190	804555	824019	803057	804360
85.71	822442	805536	822206	804200	802532	820070	802637	819787	802313	802294
85.71	824006	804986	820667	806535	804628	826092	803163	823408	805247	803726
85.71	823800	805187	824098	803751	805310	823539	804938	820107	805316	803239
85.71	825651	805548	821484	805637	805264	822275	804719	821554	804617	803517
85.71	817833	803777	821539	802510	802971	818384	802195	819990	803037	802346
85.71	824389	806067	821731	805123	805825	819130	805075	826296	804129	805255
85.71	821706	804758	822528	803887	803979	820792	803656	818498	802926	802833
85.71	819246	803413	822148	803450	803057	823333	803997	820455	804737	803817
85.71	820849	805259	821795	805732	805474	818518	803601	802101	801932	803003
85.71	824799	807541	825873	805855	806431	821713	804175	820591	803384	803328
85.71	823528	806065	823164	805030	804633	820377	803603	818608	801865	803064
85.71	820902	805034	824767	805344	804980	820681	803376	821911	803807	804099
85.71	823191	807138	823983	805785	807499	820293	803907	818950	803285	804292
85.71	818571	801410	819146	801259	801328	821488	803940	819907	803042	802654
85.71	823585	805325	820950	805404	805716	824713	804160	824663	804777	803920
85.71	821847	801335	818988	802568	801821	821325	804919	820510	803838	804240
85.71	820190	803955	822800	804005	803747	818896	802445	820176	802480	802390
85.71	824402	804162	818395	802495	803886	821806	805405	822569	804856	803494
85.71	822082	804612	823058	803390	804283	821463	801301	817099	800053	801635
85.71	825389	804818	821679	805397	805301	821934	804049	818868	802945	805070
85.71	823189	804943	826380	804007	805426	822259	804431	822948	805013	803743
85.71	819098	804585	820008	802759	803664	821902	804590	821894	805474	807123
85.71	817989	804811	819309	803413	804380	802074	802715	817704	802454	801677
85.71	819633	803933	816761	803180	802673	815303	803499	817980	801994	802689
85.71	819509	806653	822305	805319	806596	817571	802297	816604	803081	802922
85.71	818159	805564	820991	806294	805557	818156	804371	819004	803578	804528
85.71	817655	802094	818421	802061	803765	818499	803970	816870	804912	803995
85.71	818688	804398	815510	803390	802298	819299	804247	819423	802996	802849
85.71	820903	803682	820957	804555	803720	821713	807043	824624	805510	805854
85.71	819115	803494	822209	803161	803852	805061	804651	803950	803807	803686
85.71	823605	805996	823837	805739	806448	822509	804834	820295	803035	803712
85.71	822290	805718	822974	804057	805089	821361	804323	819976	803948	806064
85.71	824716	803823	821484	802889	802489	823815	805909	821663	804121	804598
85.71	823500	805424	822156	805396	806999	819863	804431	819577	804950	803781
85.71	819294	802877	817759	804308	805884	821559	804960	819334	802784	805346
85.71	823305	803696	820342	803615	803751	822703	803153	823281	803171	803062
85.71	821412	806347	821281	805434	805761	825666	804521	821714	804069	804928
85.71	819473	805090	822570	802135	802952	823157	805453	820706	805104	805183
85.71	818456	806195	818821	805566	805552	824123	805611	822643	804545	806565
85.71	822147	804770	823449	803034	805049	824096	803756	821760	803448	804768
85.71	822033	802891	822665	802825	802773	820169	804292	820891	803606	803092
85.71	822752	803422	822838	804165	803297	822886	804172	821701	804006	804743
85.71	821773	802979	819302	803061	803475	822899	805435	822223	804495	804724
85.71	823582	803753	824218	804266	803625	822102	802661	820648	801663	803895
85.71	826152	804401	822528	804234	804774	823318	803118	820246	803061	801682
85.71	825496	804976	821421	804343	803367	823265	805347	824921	805169	804925
85.71	823895	804164	822824	802807	804359	828219	804876	823741	805289	804377
85.71	824041	805434	824504	804388	803274	824056	804010	821722	801892	803483
85.71	823821	804082	825646	803896	805405	824317	804485	821441	804038	804692
85.71	823062	803874	822491	803982	805776	825834	805566	826757	804948	806168
85.71	822862	803908	819361	801921	803594	821919	804779	821787	804956	804163
85.71	821002	803656	823555	803191	804721	824036	805641	822184	803768	805115
85.71	824042	803060	822706	803410	803301	823420	801460	821469	802801	802055
85.71	824522	803630	823416	803835	804486	822739	802977	818975	802471	802021
85.71	823690	806191	825415	805163	804898	823438	804484	821583	804814	803272
85.71	821046	801754	823037	801928	803396	825478	804380	825980	805633	804828
85.71	824227	804985	820298	805075	803887	826738	805049	823147	805108	805023
85.71	820360	800970	819979	800613	800475	822127	804032	821879	804696	805465
85.71	824574	806176	823970	806158	806760	825002	806369	822094	804744	806481
85.71	818744	804384	820862	805623	803585	825611	805514	821382	804978	806881
85.71	824237	804470	824228	802185	803306	821348	803427	821818	802689	804891
85.71	825014	804215	822185	804487	804691	825291	804103	825608	802855	803579
85.71	824131	804890	827605	803889	803122	826213	804319	824788	804733	804571
85.71	829338	806370	826887	805961	805936	826338	802587	823448	802602	802467
85.71	827717	804362	823531	804930	806263	828078	804937	826445	804277	803078
85.71	825273	805215	825321	804787	802900	825277	806132	827014	805875	805395
85.71	822796	803927	824346	802941	803496	825268	806172	825996	803991	803516
85.71	823670	803854	822685	802834	804112	824287	804533	825726	804887	804582
85.71	825208	803537	824874	802269	803582	824762	802947	824302	803633	802037
85.71	826381	803221	824175	803678	802790	823293	802456	820465	802174	802456
85.71	827127	804464	824382	805829	804545	825098	804726	825274	805175	805230
85.71	827202	804140	825810	804222	805690	825710	804897	823481	804772	805242
85.71	824011	803118	823351	804457	804382	825340	805915	828339	807025	804890
85.71	825675	803972	827369	805533	807140	821780	804058	825572	802995	803031
85.71	827055	803345	823632	805134	806015	824726	803907	824210	802738	804629
85.71	825391	805766	823259	805696	805910	826062	804021	820447	802702	803275
85.71	827402	805754	823947	803435	805524	828216	806484	827176	805211	805430
85.71	827276	806349	826415	806239	805336	824964	803389	825487	802281	802976
85.71	823920	805071	826780	805572	804720	824073	801858	825374	802448	804469
85.71	828443	805354	823269	804524	805445	825331	802896	825386	802256	802190
85.71	828009	804424	824953	804869	805772	829576	806039	827205	807031	805144
85.71	827904	804679	824637	803726	805838	826352	803689	822613	805506	802712
85.71	824621	803070	822473	801863	802111	826398	804439	825125	803935	804252
85.71	822869	803934	822860	803814	803819	824385	805194	823264	804123	803762
85.71	824008	804893	826381	804779	805348	826308	804178	825892	804760	805805
85.71	827020	805715	828591	803549	805314	826986	804054	824710	805716	804894
85.71	825374	804664	827155	804215	803757	829487	804576	825355	805781	805063
85.71	828920	804047	827533	804686	805886	826543	804912	825875	803261	803906
85.71	825445	804316	825981	803194	802406	827409	802743	823606	803993	803380
85.71	827240	802742	825359	804094	805296	826061	806027	826308	805324	803686
85.71	825768	802867	823382	804331	805197	827512	804401	828529	805260	805040
85.71	825621	803866	825941	804365	804876	824342	804075	826687	804326	804202
85.71	826785	804103	825733	802875	803277	829144	805967	830303	805635	805764
85.71	827812	807080	825962	805981	805553	825225	803430	824086	802650	803575
85.71	823785	804015	825601	805329	803509	823796	804241	822787	802825	802722
85.71	824836	805274	827271	803907	806747	829544	806587	827002	806181	805948
85.71	825869	803438	823699	803770	802417	824778	804899	824528	804183	803211
85.72	826179	803848	823782	804639	804363	823311	801512	822905	802033	804257
85.72	826463	805255	824436	804580	805161	829097	803592	823526	804902	803638
85.72	825271	802643	824055	801731	803171	827899	802566	823958	801766	803497
85.72	824943	804334	825414	803825	805139	822041	801617	823750	803616	803357
85.72	826306	804040	825775	805052	804773	826387	802655	827561	803586	805002
85.72	825875	806748	826587	806322	807003	825065	804668	824019	802555	803584
85.72	826266	806702	829169	806603	805849	828539	806032	829028	806287	806893
85.72	825701	804350	825610	806308	804890	823207	803464	824151	803618	804614
85.72	825212	805511	825150	802978	805225	828251	804541	823292	803372	803175
85.72	825674	803693	826890	803411	803403	824734	804880	826118	805262	803721
85.72	824895	803418	826928	803163	803070	827122	803933	824626	804131	803249
85.72	826279	803588	822892	802593	803861	829157	805457	822931	803172	807594
85.72	825362	804902	825759	804904	806209	826010	805058	824092	805320	804801
85.72	829393	804802	824661	805310	805800	823086	803893	823280	803423	804808
85.72	825229	802362	821167	802577	804517	825297	802586	821206	802352	802760
85.72	826156	806154	828103	806029	805856	827308	806307	826424	805504	805657
85.72	824189	802616	827106	801828	802434	826376	804443	826420	805204	805262
85.72	823759	803368	825378	803663	803014	828481	804918	823078	803889	803427
85.72	829813	807139	829249	805465	804577	825404	805230	825144	805012	805993
85.72	827469	804350	828663	805029	805136	826405	803168	825411	802501	802215
85.72	825431	803155	823265	805168	803488	827850	805053	825766	805143	805883
85.72	825635	803827	824982	803135	803007	833102	804483	829217	803933	804620
85.72	827712	804465	826609	807405	805254	825460	802437	824120	802557	804406
85.72	825333	803189	825161	802723	802042	826783	803403	826369	804458	805145
85.72	825590	802332	823925	803539	803511	825090	804172	826558	802889	803700
85.72	824687	804608	825472	804743	805234	827172	804633	824778	803062	803196
85.72	825291	804271	827162	805498	804903	829471	805725	828527	805933	806051
85.72	825225	806350	825776	804072	804274	825074	803130	824692	803322	803281
85.72	828574	805402	826775	804727	804593	826289	801808	823752	801836	803680
85.72	822224	803463	822194	802965	801994	826944	804164	823643	804534	805308
85.72	827235	805202	824264	806107	804647	826698	806917	827237	805587	806377
85.72	824580	803476	826573	803503	804773	825933	802601	825353	802522	803142
85.72	822236	804579	823743	802384	802735	825379	801960	825992	803198	805116
85.72	827824	802966	824581	805256	803746	822976	803142	824927	802124	803251
85.72	826720	805470	828300	804358	806046	826638	803919	803198	805247	802895
85.72	832181	805833	823673	803736	802647	828427	805109	824270	803560	805066
85.72	825708	803773	822198	803593	802518	828944	803412	824025	802542	803492
85.72	822431	802236	822631	801414	801733	822994	801054	822335	800474	802552
85.72	825060	804104	828137	805260	804587	827485	803685	826403	803653	804994
85.72	825536	802152	822154	802684	803924	825407	803659	825191	803041	803267
85.72	826041	803774	823724	805240	804195	826912	804947	822540	803552	803644
85.72	828384	804514	827795	805702	803348	827365	803851	822230	803436	805220
85.72	826003	804152	828433	804315	802758	825763	802715	819987	801487	802352
85.72	826763	804580	824586	805605	805677	828743	804461	826800	803820	804677
85.72	827203	804274	827612	805838	805292	825280	804593	825176	804277	805830
85.72	822435	803945	823970	804250	804482	824229	805088	823646	804421	804091
85.72	826790	804752	827359	804537	803911	824337	803666	823623	803646	803286
85.72	827228	805805	825810	804849	804052	823915	803289	826446	804333	804101
85.72	825610	801324	824410	802010	802772	826277	805041	827405	802059	802839
85.72	828428	806332	829677	805663	804400	826737	805473	823844	803847	802786
85.72	828338	803980	826356	803711	804686	827701	806065	826261	803726	804414
85.72	831500	807051	831039	806385	807480	827913	803836	827513	803177	803418
85.72	824025	799941	822233	801828	802559	825559	802981	824627	803587	804748
85.72	826806	804045	821502	801902	802715	823044	803646	823768	803367	802832
85.72	824601	805064	825900	804570	803562	827506	804045	825212	805189	804232
85.72	825472	804566	826793	805283	804263	823423	804020	830419	803216	803747
85.72	829482	804962	826525	806209	806363	827813	805787	825054	803649	804761
85.72	827451	804532	826923	803123	804179	824923	804749	824550	804939	804155
85.72	825113	804886	824730	804793	804152	826890	805484	822275	804135	805320
85.72	828775	804591	829659	805620	805371	824638	801834	823220	803383	801858
85.72	825482	804296	826289	804529	804686	821525	802436	823324	802278	802045
85.72	823367	801658	825271	801471	801229	822161	801595	822708	801114	800794
85.72	824842	803801	825303	803018	803043	823730	803797	827077	803362	804044
85.72	827790	804622	828049	806758	807207	829996	807862	825595	807983	806143
85.72	825226	803179	824684	805135	805893	826802	805493	827088	805564	805904
85.72	827541	803749	826972	804492	804863	821726	803798	824621	804517	804213
85.72	828441	806074	827391	805133	805135	830028	804649	828152	805920	804209
85.72	825332	804680	824368	803596	802830	828133	806069	827503	805611	804187
85.72	826454	803777	824272	804027	803536	827548	806269	832012	806708	807172
85.72	825889	806158	826007	803046	804021	826395	803743	824435	802873	802694
85.72	823119	803875	825410	805472	804505	825793	802606	826208	802844	802585
85.72	826266	803929	826869	804156	804856	825710	804778	823886	804041	803322
85.72	826020	805161	823561	804298	804172	825276	805406	824745	802949	805397
85.72	828063	805046	825367	804324	805849	826716	804472	826188	806525	804880
85.72	826252	803713	824233	804557	803441	826698	805487	826132	805823	805583
85.72	822950	805491	829289	805720	805852	805078	804509	825054	804361	803707
85.72	822223	800590	820088	799426	798864	824906	802024	825081	802748	802217
85.72	828555	804949	826188	804427	803269	823248	804751	803301	803550	803703
85.72	828317	804743	822866	804044	804573	824422	803071	825300	803894	804497
85.72	826145	806852	825440	807039	806794	823920	803952	826660	803869	804995
85.72	824556	805746	825081	804062	804854	828377	806811	827691	804714	803397
85.72	823500	804542	829621	804537	805325	825583	805167	824884	803990	803874
85.72	830545	805069	824659	805217	805113	824042	804383	824099	803731	806001
85.72	827976	803609	826809	802994	803635	825656	806922	825830	807566	805834
85.72	824375	803860	822635	803567	802645	823940	803180	823187	802576	803783
85.72	826577	803914	825351	804572	805013	825286	803326	821819	804791	803363
85.72	824033	803488	823891	802189	803957	825725	802813	823163	800828	801725
85.72	825851	803665	826706	804065	804953	826018	806439	828014	805560	805467
85.72	830632	806260	823603	805911	804875	824251	801674	819141	802223	802983
85.72	825814	804530	825866	802818	804506	826127	804535	825235	802653	801712
85.72	822379	803067	823626	801922	801253	826335	803481	825487	803187	804057
85.72	825451	804342	824729	803993	803068	824142	804618	824706	804699	804260
85.72	825597	804561	827154	805419	806075	803926	805989	824206	805313	805070
85.72	825869	801999	823079	802616	803425	824887	803133	823652	802171	803658
85.72	823798	803060	823455	804125	802877	827354	804801	824141	803359	804343
85.72	829151	805754	828465	803225	803497	824098	802654	802593	802049	803146
85.72	823562	801700	825491	801553	804344	826313	803822	824573	803451	804769
85.72	824809	803285	826322	805148	805316	822217	802470	826320	804018	803107
85.72	825918	806441	826783	804872	804102	824834	803373	824903	804823	803224
85.72	826292	805164	824800	804768	806142	822829	801685	822536	800380	802388
85.73	822974	801252	820294	800820	802712	826403	802590	823773	804365	803507
85.73	826285	805421	826587	805340	804975	825361	803705	823180	802756	803065
85.73	825362	803421	823696	806093	805830	826000	804889	824344	804051	804608
85.73	825350	803996	822430	804547	805159	826111	804324	824309	805614	806281
85.73	826812	804522	829744	806334	805529	829145	804979	826268	805446	805284
85.73	824678	804625	825206	804781	804942	825065	805771	828015	805184	805972
85.73	823441	805899	821104	803189	804218	823883	806251	821338	804806	804940
85.73	821229	804082	823371	799878	802080	827273	806106	828719	805340	805792
85.73	823396	803283	824103	803862	806713	824428	803679	821579	805106	804418
85.73	828880	804832	828248	805598	806001	825564	805024	823882	805592	805487
85.73	827267	806437	827670	806112	806553	824172	803416	827439	804949	804497
85.73	825037	804158	823882	805006	805424	829546	805218	824995	806172	806159
85.73	829040	803335	824927	802831	805616	827816	804450	826334	804421	803350
85.73	827896	806621	830158	806926	806141	828735	806063	823647	803481	806238
85.73	825788	805064	828815	805064	805250	826473	805023	826747	805060	805484
85.73	824850	803776	823827	804109	805138	828021	805082	826945	805621	804366
85.73	829307	802196	826649	803359	804973	827736	804547	825653	804996	803486
85.73	831160	804521	827021	804852	805217	827652	805008	805774	806048	806264
85.73	831606	806333	829566	806423	805525	826818	805899	827044	806004	805100
85.73	825703	804065	824875	803299	803616	826039	806147	827828	806484	805629
85.73	826849	804693	829717	805280	805072	826432	804513	822351	804419	803781
85.73	826720	805791	821939	805242	804621	828326	804884	825692	803084	804015
85.73	829750	804570	824825	804719	806284	828259	806299	829823	804813	805119
85.73	828132	806754	825439	804951	806650	830943	805630	825007	802365	805165
85.73	827168	804130	826529	803584	804419	827433	806073	827934	806631	806771
85.73	826451	803629	824075	803452	803780	824192	805894	826671	804525	806063
85.73	826090	803678	823409	803845	804496	828150	804538	828479	803381	803550
85.73	823294	804332	824374	803703	802142	804516	803889	824351	803731	804609
85.73	823678	805222	825479	803160	803886	827803	803670	829622	804530	805786
85.73	825803	805671	827945	805808	805863	826287	805164	829142	805299	806222
85.73	827229	803637	825876	804550	803580	827974	804446	825097	805009	804276
85.73	823640	805522	824486	804031	805005	823050	802453	824492	803350	803926
85.73	824535	803057	825409	804020	804025	828810	806574	826987	805425	805598
85.73	825956	805615	826181	806438	806987	830723	805898	828758	805591	804794
85.73	827734	804938	827102	803184	804987	824401	804764	822935	804000	804279
85.73	824323	803076	826900	801899	803770	826963	806465	826098	807175	805588
85.73	828219	804140	824150	803696	802899	825551	805201	824916	803392	804641
85.73	825686	804288	826274	804522	803042	829291	808352	831938	808525	808172
85.73	825343	802915	823184	803968	802756	826196	805371	823533	803742	803063
85.73	824006	803024	824196	802696	802988	828165	805379	829402	803795	804480
85.73	828119	805481	823449	805620	806380	825433	805564	826856	804009	804073
85.73	829932	805624	827347	804691	804830	825812	803398	826606	803687	806126
85.73	826702	803673	823074	805599	803681	826249	803995	823990	804723	804332
85.73	832680	803442	825290	804579	803067	826202	803056	825640	803473	801819
85.73	828817	805182	825600	803716	803073	823465	803821	823761	803717	802558
85.73	827748	805757	828345	805752	804633	827449	805460	830433	806942	806502
85.73	830315	806186	826743	805467	805800	828242	805192	829402	803878	805819
85.73	826942	803682	827482	805112	804412	826822	803973	823784	804005	802840
85.73	828033	805603	830841	804928	805715	825603	804171	824872	803595	802312
85.73	827113	806318	826967	804963	803981	827629	805702	828000	805664	806162
85.73	825165	803569	826266	803507	803808	825916	806552	829779	804734	805765
85.73	827653	805883	826413	804333	804552	826237	803519	826410	804435	805324
85.73	823464	804062	820683	804597	804036	826741	806085	827139	805680	804826
85.73	825818	805617	824845	805612	804518	823394	803501	825558	804324	803622
85.73	826761	805913	826388	804326	804415	824515	805482	825589	804563	804397
85.73	823748	806192	824277	804654	805685	824019	802833	822852	803578	803664
85.73	822003	804565	823021	803056	803917	826193	803807	822529	802948	804387
85.73	822354	801537	821957	800654	802870	825696	805963	823085	803365	804941
85.73	828455	805618	824992	807362	806154	826163	804763	827758	807606	806227
85.73	826199	805356	824338	804007	803886	825285	803860	826141	804856	803782
85.73	825382	807013	827195	805359	805533	822475	804297	822396	803676	804846
85.73	827303	807359	825814	804776	802799	827645	806669	825790	806337	807480
85.73	826424	804866	826794	804370	805182	823758	803272	821326	804131	802895
85.73	827579	803470	823667	804670	805052	826244	802550	825159	803375	804052
85.73	827113	802673	825016	803415	805636	825401	805223	828086	804118	805797
85.73	826279	803501	824057	803389	804240	825949	804276	828543	804189	804727
85.73	824713	801906	824222	803013	804161	827645	804127	826029	804772	804526
85.73	828331	803610	827260	803852	802833	824207	802363	823225	801475	802363
85.73	827156	804575	824369	804500	804900	826443	805360	826200	804828	804012
85.73	825128	803480	824363	804783	804043	825658	804153	821421	803713	803177
85.73	825413	803660	826001	804843	802702	825801	806760	829653	805220	805987
85.73	827215	803766	825443	804992	804863	824862	803839	827072	803660	803942
85.73	827309	805381	827307	805047	803053	823962	803926	823590	803730	806271
85.73	827429	804286	822419	804274	804358	828982	806324	824627	804097	805455
85.73	827442	804935	823847	805145	804724	824542	802266	825802	803935	804167
85.73	828852	805016	828104	804157	805673	827726	804344	826588	803041	802642
85.73	829094	805207	829824	805148	804023	827762	805326	826902	805466	807202
85.73	825166	805624	823774	803873	804148	827201	804824	826343	805506	804586
85.73	826546	806326	824834	805428	805050	825378	805581	828470	804396	805591
85.73	828555	804542	825577	803890	803955	827514	804636	824735	803391	805439
85.73	826567	803104	827426	804546	802923	826522	804923	825968	804790	805616
85.73	829369	804712	826175	804133	803432	825421	805172	828732	804639	804009
85.73	825170	804295	825707	804003	804876	824022	803394	827160	803954	802457
85.73	825436	805403	828435	804195	805350	827294	805596	826355	805087	804544
85.73	826051	805043	824843	802152	802990	824573	804484	826281	804500	805748
85.73	827826	804084	825145	804067	804099	829422	805305	826124	805312	804490
85.73	831677	805970	827182	805155	805148	806057	805431	827705	805131	805372
85.73	825638	805103	826479	804153	805139	826536	801088	825882	800606	802546
85.73	830152	804969	827287	805362	805909	826518	802845	803581	803578	803046
85.73	828493	802565	828106	802894	803410	825041	805154	827175	802339	804695
85.73	829783	802948	824647	802832	805349	830271	805506	826146	804332	804760
85.73	825572	804654	827561	802714	802790	827828	805283	827920	804553	806498
85.73	824774	803277	827852	803603	803856	827104	804013	828194	806103	805029
85.73	828185	808053	831851	806012	807302	825225	804846	830827	806104	805977
85.73	828988	804499	826607	805977	802553	827879	804428	828571	805567	804835
85.73	829795	807368	825582	806492	806538	828227	805447	825457	804833	805095
85.73	827344	806129	826201	804699	804881	829168	803838	828857	805341	804587
85.73	826593	803819	826113	803050	803961	825061	805751	826019	805022	805889
85.73	826166	806511	828460	804432	804624	826652	803682	827735	804666	804202
85.73	826864	803771	824116	803372	803275	828816	807851	827340	807122	806811
85.74	825341	806598	826912	805316	806031	829840	805957	828912	805691	805585
85.74	827634	804191	825784	804929	803434	826347	806342	829778	806537	807013
85.74	827384	804755	826534	804919	805702	824167	800569	824052	801738	801496
85.74	825654	803582	826006	805581	804605	826843	804818	822832	804961	802778
85.74	827436	804811	829127	807033	805847	826500	803574	826000	803114	803882
85.74	827633	806884	827868	807647	806778	826477	802285	826995	802199	803227
85.74	829016	806516	825223	805717	805934	827603	806744	829974	805690	805643
85.74	824151	805173	827577	804281	804471	829076	806058	824843	805053	803488
85.74	828780	804575	827162	804310	805461	827808	803668	828151	804717	805320
85.74	826550	803718	824069	804866	805793	826015	804423	825491	804386	805155
85.74	828417	805300	825891	802700	802872	825996	804072	825157	804137	803095
85.74	829401	804631	829558	804884	805845	829389	804882	830290	804695	805504
85.74	826085	802880	826940	803232	803108	825823	804187	823795	801963	803279
85.74	827565	806498	825289	805172	805620	826274	804615	825176	805397	804101
85.74	827335	805970	827456	806457	804047	825840	805249	824954	804505	805030
85.74	827744	804948	826011	804812	806261	825317	804569	826725	803540	803811
85.74	824633	804197	825538	804827	804106	825974	804312	822954	803824	804789
85.74	825546	803258	824818	801768	802426	830590	806943	825618	806359	804837
85.74	831514	806106	829095	804063	804215	827347	804013	825449	804798	803780
85.74	830499	804808	827776	804830	805997	827791	805359	828098	805820	805888
85.74	829766	805826	827186	806250	804462	828940	806368	824185	805627	806018
85.74	828671	805132	827592	804319	804438	833835	807575	830645	805404	807222
85.74	826301	802435	829626	803009	803722	830429	805439	829163	804190	806284
85.74	826375	803871	825325	804672	803434	830966	804535	827430	805404	804711
85.74	826928	805365	825680	801464	802242	824863	803927	827615	802902	804921
85.74	827827	803083	828729	803277	803739	828632	804838	829088	804798	804522
85.74	828169	805236	829712	804400	803390	830249	805144	831059	807012	807091
85.74	827110	801250	826320	801961	801711	830764	805659	828185	805429	805019
85.74	824953	805265	826039	804710	804196	830165	804442	827457	804166	805919
85.74	823414	801969	828653	802885	803502	828950	804973	825953	805320	805246
85.74	830804	805260	828422	805875	804972	831705	803898	828166	805532	805605
85.74	827091	804219	828740	804221	805640	832406	807883	829419	805169	807109
85.74	828436	804694	826510	803851	804522	826817	804884	827012	804077	804136
85.74	825698	803819	823532	804469	806156	826711	804208	823964	802279	804284
85.74	829689	806772	831514	803882	804981	832643	805761	826441	805522	805194
85.74	828070	803544	828024	804166	804649	827629	804652	826377	804819	805138
85.74	826364	804286	827218	805636	804334	825049	804538	829267	803850	805351
85.74	826816	804959	826362	804146	802621	825647	802760	826848	803439	803164
85.74	826205	804732	826044	804044	804212	826391	802983	829454	804193	803416
85.74	828936	804536	829017	804027	804157	827394	806864	828356	806364	806223
85.74	831140	804121	827657	803071	803538	827918	805001	828274	805241	804810
85.74	831104	805705	825949	805644	806923	828451	804330	827640	803915	804786
85.74	828769	805951	828933	806975	806416	824575	803776	829099	804554	803343
85.74	830726	805389	826240	805173	806181	834907	804468	823191	803979	805418
85.74	826111	803112	825317	803909	802126	829551	804379	827552	804486	804930
85.74	829653	804902	826878	805135	805041	824313	802834	824936	803791	803595
85.74	826349	803257	825846	801094	801203	827608	803018	829701	802243	802378
85.74	832574	806834	830164	805606	804773	830480	806079	828856	806135	804738
85.74	830229	804931	826188	803977	804973	828572	804324	825973	804727	805167
85.74	828750	804054	828970	805477	805980	828038	805884	824695	803375	804045
85.74	829759	805200	828179	804979	805346	828520	806083	827711	803882	802776
85.74	829730	805406	831818	804930	805868	830708	805779	826163	803943	803236
85.74	830223	804666	826620	805409	805207	829467	804651	824253	803930	804681
85.74	826140	804302	825921	804985	804020	828096	802141	824850	802479	802770
85.74	827517	804436	828346	804949	805305	830601	805398	830304	805197	804009
85.74	830067	804336	829082	804966	804983	826105	804454	826909	804294	805570
85.74	829719	804370	827758	805091	805723	831679	806224	827265	804118	806534
85.74	830558	806255	829010	806034	806389	826806	805400	829237	805700	805090
85.74	830014	804649	824870	804849	804842	827163	804397	828121	805644	804601
85.74	833548	805980	828081	806270	807233	830163	805528	827802	805017	806011
85.74	828280	804406	829840	802348	803551	825942	805174	826865	801936	804190
85.74	828627	805069	828755	804264	802893	825821	802013	826302	801869	800903
85.74	830170	804738	828611	805264	805579	830805	807519	828945	805446	805854
85.74	827900	804310	824315	803727	802895	828688	803699	823822	802131	803243
85.74	829276	805514	829400	804370	805436	828320	804861	827646	803161	803519
85.74	830943	803427	825553	803620	804164	830701	805076	830600	804711	805533
85.74	828933	805046	830438	805163	804889	828804	804457	828502	804370	805231
85.74	829788	803116	827091	805607	804642	830453	804215	825043	803822	803461
85.74	828312	804593	828526	805118	805594	827441	802318	824123	803058	804323
85.74	831754	806674	826112	804770	804760	825359	804263	824210	802015	802951
85.74	825280	804539	823863	803037	805452	828524	805557	825498	805418	803920
85.74	831257	807792	828094	806053	805828	830063	806561	806081	804517	804652
85.74	823687	804395	821362	804820	805241	823783	805014	819613	804791	803642
85.74	821271	805673	820451	805832	805045	825728	805754	805641	805419	806168
85.74	824186	804922	819284	805016	804744	824814	804325	823724	805383	804644
85.74	822584	804788	817946	804172	805591	822197	806380	819027	805083	804779
85.74	821905	802782	821852	802974	804852	824337	805688	824054	804876	805848
85.74	822952	804040	820452	804524	804224	824250	806608	823504	804690	805404
85.74	823341	806002	823229	803793	804056	821768	804522	822530	803030	804900
85.74	824894	802058	822416	802542	803981	826184	806811	824865	806098	806610
85.74	825281	805707	823160	804957	804613	824634	805250	823169	806398	806256
85.74	823941	804663	821155	803630	804643	825421	807466	825550	805397	805556
85.74	827014	804493	827985	805326	804950	822083	803381	821009	803686	802491
85.74	823143	804036	823379	804940	804925	823432	802829	821900	802449	804080
85.74	827196	804834	827242	805208	805056	826227	805350	823403	803972	804098
85.74	825513	802605	823262	803497	805142	823896	803833	824860	803107	805428
85.74	830131	805366	822769	805938	806069	821727	804186	822330	802194	804887
85.74	824156	805257	826202	804814	805219	823379	806343	825025	805189	804977
85.74	823395	805181	823714	804287	804171	823032	803391	819331	803963	804564
85.74	824820	806772	821976	805595	804329	824409	804480	822569	804152	804804
85.74	822445	804837	821011	804136	804083	820390	802695	818480	802839	802587
85.74	823697	805406	823930	803129	804756	821662	802844	818994	801920	803952
85.74	820273	803237	818715	804217	802821	819943	804366	820282	804028	802906
85.74	826774	806755	822203	806216	807457	820206	805317	820379	803013	804017
85.74	822461	805807	821434	804269	804560	824896	804219	819480	803086	804896
85.74	822513	806571	826458	804705	806980	818410	802738	819656	802823	804429
85.74	820736	804829	821975	803777	804331	823225	806729	823830	804293	806184
85.74	824194	804234	822733	803262	804639	820242	803870	818237	802846	805229
85.74	823731	804198	822685	803710	804187	820441	806276	820246	804762	805390
85.74	822286	803736	821880	805603	805849	819918	803573	819690	803882	802210
85.75	823861	805250	821348	804391	805771	822558	803741	820288	804635	804332
85.75	822535	806087	822517	804143	805433	818999	804479	817165	804045	805461
85.75	821326	804379	819188	803094	802056	822786	805919	823515	804463	804866
85.75	822957	804912	822294	804274	804087	826557	804880	821498	804073	806861
85.75	820835	805643	823017	805188	804959	822718	805057	820512	804102	803512
85.75	826019	805723	825971	805747	805748	820736	801942	824687	802996	804556
85.75	822193	803892	826130	803955	805905	821539	801172	822799	802906	802809
85.75	822357	804491	823975	804104	802552	821059	802123	821974	803609	802165
85.75	822088	802675	819729	802626	803780	823766	805096	822108	803077	804471
85.75	821845	801386	822400	802955	803171	822980	803803	819577	803958	803248
85.75	822552	804983	823532	804917	804951	822454	803179	817615	801454	802343
85.75	825021	805418	825204	806609	806912	826111	805452	824851	806469	806970
85.75	828189	807636	825475	808217	807442	823859	807363	823709	807333	808051
85.75	823126	805855	823615	804302	804190	823629	807614	824392	804721	805172
85.75	820658	803623	821670	803893	803561	824973	805186	821134	804082	806544
85.75	826610	807335	829080	806105	806685	822270	803620	820899	804202	803165
85.75	822575	804533	821141	805695	805421	823315	803977	823084	803840	804103
85.75	823227	804336	823723	803271	804904	822426	802767	820093	803852	803397
85.75	826937	807223	823500	805528	806410	826926	805667	824711	804171	804434
85.75	826102	805562	822835	804734	804723	820378	802631	819881	801171	803245
85.75	825870	805015	822596	804928	803941	823943	804150	825962	804717	805228
85.75	823296	807603	822589	804884	804600	819950	802593	821689	802501	802926
85.75	818378	803409	821656	803049	804339	823452	805704	824251	802251	805696
85.75	821834	805390	822889	806165	804711	823477	804280	823359	804307	803885
85.75	822072	803147	821765	802741	804020	825939	803041	823863	803968	804212
85.75	824798	805701	824803	804326	806054	824937	805123	823932	805293	804962
85.75	823162	804402	820347	804497	806023	825181	807985	824772	806301	807935
85.75	823567	804540	820338	805094	803813	823550	805981	821485	804992	806319
85.75	825764	805926	820977	805886	806712	822369	805524	822495	804295	805539
85.75	822986	803684	821914	803237	804585	824185	804021	822978	803704	804398
85.75	828346	805392	822931	804592	805241	823685	804619	822855	805040	804852
85.75	826238	804915	820610	804661	804235	823550	804839	824913	804757	806086
85.75	825297	805098	823598	803472	803362	824026	804055	820800	804611	804734
85.75	823803	804720	822611	806625	805333	823102	804288	820726	802879	803494
85.75	825239	806222	825048	804189	805611	822366	804170	822897	805068	802714
85.75	822801	803562	820503	802213	803003	826034	805156	823491	805404	805974
85.75	822828	804792	822374	804214	801918	823247	804942	825759	804392	805758
85.75	822975	803656	820720	805944	804006	823123	805514	826946	804102	804853
85.75	821198	802473	821650	803727	803351	823223	803924	822228	803091	804376
85.75	825726	806451	826278	807968	805198	823906	805138	822779	805749	805007
85.75	822805	805727	828290	806979	806404	821444	801602	820965	802853	802802
85.75	822184	804608	818633	804611	803423	823124	805893	824610	806432	806907
85.75	823759	802127	820496	803062	804277	820663	803560	821491	803767	804277
85.75	823245	803528	820629	803424	803324	819898	803321	823451	804187	804826
85.75	821483	801612	818302	802745	803015	819858	802886	823906	803106	803389
85.75	824417	805667	821163	805146	806961	826098	806575	822136	805649	806688
85.75	819214	805455	820336	803450	805572	823401	807534	822185	805247	805795
85.75	818391	800807	818303	801029	802370	822664	805997	821734	805648	805946
85.75	822527	805183	819460	805179	804798	822581	802255	820322	803452	804347
85.75	822024	804674	819161	804277	805762	819339	802285	819561	802056	803732
85.75	823376	803933	822938	805278	805410	823038	805801	823060	807559	803975
85.75	824197	803531	820203	803708	800186	825468	806308	821248	804934	805692
85.75	821974	804585	821940	803855	804623	825065	803536	820275	804259	803375
85.75	818650	804049	820577	805032	804222	820540	804055	821805	801991	803347
85.75	824487	804389	822855	804793	805014	821563	804509	820058	804002	804820
85.75	822976	805869	821401	803537	805356	821116	805407	822350	804025	803160
85.75	821886	803279	824041	803400	803657	819487	802876	818411	803321	803797
85.75	820567	804470	818065	803746	805437	821816	805004	822898	805089	803599
85.75	819410	802340	817084	801283	802124	816801	801371	819527	801173	800012
85.75	823637	804819	821044	804768	805341	818863	803781	822278	803530	804438
85.75	818798	805120	819642	803809	804902	822216	805972	822248	805825	806522
85.75	821085	804947	821618	805108	805595	823130	805579	820428	805424	805799
85.75	818436	803563	819424	802456	801748	820197	802635	818627	803945	803432
85.75	822370	803457	820532	804657	803797	818712	805184	822922	805597	804867
85.75	821971	803505	821655	802811	803926	826111	806398	821154	806468	804683
85.75	820876	806346	821675	805460	805481	819601	804319	818528	803740	804652
85.75	823260	804659	819716	804402	804477	819552	806147	804963	805660	804969
85.75	820515	802488	819687	802964	804000	820608	805310	822007	805426	805226
85.75	824295	806092	821674	804804	803996	825068	805778	805426	804685	804227
85.75	819203	803537	819665	803765	803613	819723	804613	821594	803030	804742
85.75	823175	804709	817199	805106	803183	822393	805737	823456	804567	803772
85.75	818482	803539	819576	802809	803790	821578	806141	821640	804339	805483
85.75	823001	805363	820852	803896	804635	823266	805571	822790	805655	806926
85.75	822138	805369	822616	804752	804429	820978	804433	822910	804052	805196
85.75	820247	803455	819421	804617	803567	816821	805051	818126	805072	805663
85.75	822441	804141	821270	804978	803626	819635	802902	816300	802179	803377
85.75	817418	803499	822276	804808	805221	819631	803427	820679	804539	802633
85.75	818890	804047	819393	803880	804807	818975	806595	824619	804880	805683
85.75	820666	804248	819308	805723	804646	822455	806786	822193	805588	807228
85.75	820327	803556	820895	804060	803753	819274	803968	821729	802679	803367
85.75	821181	805051	822064	804454	805716	818672	804205	816696	803566	803565
85.75	823809	806114	819950	806438	805766	821718	806155	821243	806991	805017
85.75	823514	805697	822091	806356	806300	820427	804541	820715	803866	803201
85.75	818304	801907	820597	803568	803317	822131	806848	820203	804985	806110
85.75	822338	805216	818051	804424	804697	818480	805346	819839	804302	804231
85.75	821091	805465	823057	805659	804861	819322	805077	819487	803941	804207
85.75	820564	805258	820984	803631	803733	822388	804636	821065	805141	807013
85.75	818143	803928	819082	804025	802951	823950	804613	819579	804028	803789
