86.3	818270	806159	814401	805825	815246	804441	812924	804320
86.3	815083	804019	811434	803562	815226	802840	812055	802373
86.3	811353	802703	812077	801532	812096	801986	813110	802822
86.3	813659	804475	812655	803532	816244	806300	815535	805405
86.3	816717	804224	812961	806404	814401	803105	812936	802593
86.3	816218	806357	813951	805603	812128	804459	814590	803205
86.3	812453	804586	813956	802465	811964	803558	811283	802309
86.3	812648	804037	813470	802276	812277	803633	812603	802919
86.3	815745	805964	815082	804665	815731	805968	812366	804005
86.3	816476	804955	816386	804677	812523	803129	814921	803930
86.3	814041	803701	813331	803155	813543	804396	813617	803986
86.3	818055	804163	813287	803308	812033	801970	810508	801756
86.3	813986	804262	813417	802583	815828	806495	815148	805234
86.3	816370	805879	816865	806035	814987	803643	810638	804034
86.3	818089	807383	815138	805244	815234	804841	813448	803956
86.3	817997	805882	814260	802730	812335	804314	814001	801964
86.3	814730	805671	816082	806349	813769	804577	810900	802786
86.3	814319	803288	811658	804154	815607	805016	812077	804558
86.3	814691	804892	813534	803294	814601	802839	811377	803702
86.3	815768	804103	813727	804642	815516	802806	811321	803255
86.3	813013	802484	810611	801528	815244	802407	812182	803104
86.3	813925	805354	812368	803543	813347	804522	811628	805443
86.3	814515	803383	812078	803456	815036	804068	813667	803917
86.3	813863	802291	813582	801799	815733	803410	813342	803798
86.3	812375	804590	814741	804351	814642	804554	813647	804008
86.3	812784	803180	812454	802834	813845	805659	815396	803631
86.3	813481	801593	811727	802949	811779	803174	811763	803164
86.3	815501	806547	814024	805793	812468	802075	811806	803446
86.3	814200	804408	814313	804788	816547	803622	812359	804033
86.3	816052	804279	812419	804307	813472	803336	813406	803469
86.3	813571	803032	810613	803601	811839	802705	811627	804083
86.3	814340	805407	815271	803765	812196	801254	810111	800534
86.3	812865	802358	811378	802052	811847	803688	810192	803273
86.3	816791	802624	813281	803218	812308	803377	811338	802506
86.3	813730	804478	811814	803719	814270	805884	805017	803410
86.3	816762	806762	817158	805759	810045	803383	812700	802594
86.3	816306	806010	815845	805404	812445	802857	812690	803480
86.3	813635	804899	814444	804106	816239	805386	811924	804490
86.3	815543	805335	811785	803785	813311	806029	814945	803823
86.3	813358	803279	810770	803792	812256	804545	811650	802841
86.3	814704	804177	813947	804698	813562	805440	813815	804571
86.3	817715	805811	815277	805130	813619	804788	812821	804399
86.3	814458	804921	814174	806019	812761	803717	813764	802697
86.3	811053	805250	811479	803053	810929	802467	811819	802216
86.3	816280	806032	811106	805014	812710	804133	813991	806117
86.3	813496	802936	814383	803332	813240	802752	812869	803167
86.3	813386	805572	812067	804993	812810	803166	812272	803470
86.3	814346	804289	813185	804648	812302	804547	814168	804984
86.3	812938	804826	814335	803387	814527	803740	809929	802536
86.3	815714	804006	813808	804730	813016	803051	810068	801725
86.3	813312	803567	810509	803884	817059	806112	812770	805244
86.3	813017	806177	814808	805941	813056	803253	813625	802966
86.3	814773	803838	813710	803725	816466	804524	815257	802709
86.3	814777	803795	811651	804074	815146	803176	812495	802153
86.3	811494	804660	812165	805428	811809	803574	813233	802075
86.3	813003	803499	813028	804326	813372	804166	812798	801360
86.3	812753	803746	813115	804193	815035	804800	813960	805140
86.3	814712	803663	812429	804166	814109	805289	811522	803132
86.3	815275	804387	814090	804299	812108	803998	811671	802788
86.3	811118	800470	809632	801861	812453	803782	811773	802510
86.3	812852	803649	813466	803364	816169	804103	811660	803575
86.3	814759	804411	813191	804536	815956	804589	812910	804232
86.3	815243	805671	813840	806586	812769	803084	809623	801559
86.3	816762	805363	816914	804845	811626	801932	810223	802259
86.3	814342	805118	812605	802646	812616	804557	812031	802456
86.3	814524	804304	815165	804758	813313	804084	809989	804362
86.3	813298	805145	812148	803993	813062	804703	811149	803667
86.3	814850	806749	813045	804549	814837	806318	812426	804076
86.3	815064	804794	812257	804154	812719	803898	813717	803260
86.3	811915	803368	812421	801871	814134	804090	814693	804018
86.3	814154	803795	814146	805209	810857	800411	811548	799230
86.3	810179	801464	809042	801285	813026	803248	810666	803574
86.3	812950	804213	811989	803717	813837	806003	813555	803156
86.3	811024	802626	809896	802815	811757	802427	813649	802687
86.3	813667	804674	812713	804617	810015	802560	809101	802006
86.3	816186	805028	813573	805206	810458	801805	809593	802975
86.3	813202	803630	812512	803998	811675	803500	810483	805518
86.3	812796	804396	814131	804090	810066	800266	809582	800373
86.3	813316	804231	812903	804380	811424	804082	813654	804004
86.3	814386	806121	811832	804883	812970	803962	811920	802971
86.3	814884	803750	813953	804207	811850	804892	813513	802579
86.3	816306	803767	813245	802674	815045	806753	805577	804962
86.3	812969	804826	812542	802662	812248	803351	809655	802451
86.3	815293	803785	811944	805050	811697	802184	812095	802396
86.3	813824	804598	813216	804052	812769	803832	813559	803924
86.3	809537	804510	808177	804124	811802	803044	812170	803714
86.3	810173	803783	809935	801557	814007	805130	812890	804362
86.3	812732	805551	811747	805663	812545	803095	812584	804935
86.3	814524	805546	813846	803755	810914	802179	812835	802770
86.3	812886	804491	811681	804079	803382	803103	811261	803185
86.3	812334	803243	812815	804232	804215	803108	812585	801762
86.3	812409	805947	812356	803262	813752	805573	811516	804085
86.3	813425	807381	813663	805715	813382	803523	815151	804246
86.3	810548	803010	812743	802720	812949	802394	810721	802750
86.3	809230	803646	810556	803164	811616	802932	808629	801929
86.3	809228	804577	810936	803587	814695	805922	814499	804363
86.3	807917	800053	808018	800793	812963	800577	808855	800894
86.3	813272	803481	813453	804205	813709	804669	813740	805391
86.3	815300	805446	811861	806136	812959	802828	810754	802584
86.3	815072	804184	812655	805253	815027	805945	812524	804565
86.29	814009	802806	811659	803257	810289	802532	813377	802983
86.29	813679	804008	812487	804153	810944	802636	812183	803460
86.29	813000	804512	813712	803748	810541	802100	811229	802729
86.29	816096	806538	815762	806267	813777	803235	810191	804218
86.29	811769	805257	812745	802847	812706	802758	811489	802807
86.29	811611	803989	812645	803794	811201	803606	810373	802376
86.29	813205	804352	813955	805116	813202	803920	813953	803851
86.29	814173	805942	810826	802733	805858	805154	815009	803753
86.29	815002	805943	813834	804014	811805	802979	809615	804518
86.29	811780	803812	810688	801866	805040	803536	811058	802924
86.29	813106	805291	810298	803655	816146	804318	812500	804343
86.29	811215	803622	810602	804059	811550	802933	810233	803213
86.29	812335	805789	811168	803405	814038	806114	813861	805619
86.29	811725	804706	811358	803741	812017	804306	810929	803096
86.29	815114	804107	814841	804647	811791	803150	810286	803174
86.29	810235	804329	809031	803480	803625	805865	810992	803131
86.29	813367	804235	811951	803515	813242	803947	812571	803092
86.29	812881	804983	812928	803398	809725	802006	811627	803404
86.29	809744	800879	807676	802091	812866	804538	811422	803638
86.29	813775	804898	812253	804720	804335	804242	811304	803613
86.29	809782	807515	809647	805105	810899	811955	803597	802724
86.29	813875	812714	804057	805160	815413	811308	803361	803245
86.29	811321	812474	803557	803707	811696	811001	803754	802607
86.29	811785	812932	803976	803791	811159	812940	803373	802592
86.29	811482	812509	802691	803494	810787	811671	802933	803164
86.29	814052	815671	804780	804157	810094	812828	803185	803705
86.29	811046	809644	802699	802606	812455	812106	803371	803636
86.29	811175	811782	801999	802600	813847	812178	804738	804488
86.29	815793	816083	806751	804529	810709	812561	803439	804223
86.29	814838	813913	803321	803100	813921	813094	806030	805301
86.29	811693	808380	802552	800600	812735	811276	803928	804671
86.29	810978	810270	801851	802375	812337	811485	803079	802553
86.29	813147	811244	802776	803729	811396	813985	805804	803514
86.29	810112	811457	802717	802250	812761	812241	802917	802877
86.29	810546	812077	804554	803171	813132	813825	805245	804760
86.29	811724	813667	804868	804214	812164	813290	805276	804903
86.29	812478	811973	804007	803090	811088	812678	803712	804414
86.29	811491	810474	802326	802146	811590	809468	802292	801026
86.29	808469	811592	801844	801608	813304	811434	804099	805263
86.29	814279	813876	804494	805180	812294	814344	805255	804293
86.29	813304	805283	813440	806031	813738	802079	809852	804021
86.29	809628	800901	808756	800533	812629	803412	810782	802015
86.29	809469	802649	813630	802631	814178	807133	813061	804665
86.29	813097	804213	815056	804510	815190	805466	814424	804464
86.29	812880	802372	810705	801435	814683	804896	804202	803908
86.29	815067	805289	811772	804773	813033	805631	813358	803798
86.29	810804	804497	810497	803790	813601	805305	810871	803529
86.29	811282	804424	808627	803983	813190	803370	811637	805756
86.29	814081	805212	810642	804586	806007	804550	811807	804555
86.29	811047	802619	813593	803667	811597	802829	811276	803097
86.29	813261	804895	813698	803698	810353	803428	810279	802752
86.29	812576	804409	809594	804484	808047	802089	808441	800393
86.29	812093	803781	811785	802784	814240	804259	814151	805336
86.29	813621	807156	812653	805523	803052	800898	810636	800790
86.29	810968	803710	811660	803978	812754	804968	811452	803127
86.29	812916	801261	806492	801635	811032	802441	809661	802703
86.29	812775	805442	811605	803499	812165	804534	812297	804043
86.29	812857	805015	812427	804253	809453	805052	812076	806205
86.29	811440	802877	812005	803375	812717	803309	810380	803556
86.29	811925	803041	809140	802312	814361	803979	804866	804928
86.29	809658	802985	811039	802074	803457	804753	811702	803777
86.29	817012	805356	812697	804748	812373	803554	810080	803850
86.29	810736	807482	813160	804722	813911	806216	812799	805689
86.29	808548	803732	811490	802989	810360	802155	810321	801384
86.29	810237	802114	809907	800369	811509	804877	812473	804850
86.29	811103	804432	808970	803902	811749	804907	812645	805664
86.29	813346	804921	810976	804357	814077	802134	810526	802478
86.29	814335	805299	813478	805750	812520	803198	811275	803164
86.29	814610	804136	812193	805552	810111	801775	811926	802804
86.29	813150	805480	813750	805708	814657	804108	812536	804592
86.29	812395	804844	812534	805912	812250	804338	810585	802650
86.29	810947	803343	810683	803552	814678	805365	813183	804236
86.29	813236	803831	811041	803018	814226	803421	811668	804855
86.29	814384	805950	810297	804612	813172	803935	811217	803845
86.29	811565	803316	811198	802566	815552	804368	812616	804425
86.29	810824	803604	811972	803638	803479	802790	810197	802251
86.29	813045	805909	812601	805496	803061	803954	811223	802348
86.29	813648	805743	812620	805238	814429	804658	814135	804179
86.29	809484	805088	811744	804477	812614	804118	812021	805465
86.29	810972	803307	811207	802071	812169	803810	813081	803339
86.29	810876	803704	811688	803779	809531	801200	810581	800279
86.29	811806	802889	809629	803141	812450	805287	810818	804015
86.29	814448	807347	813134	807163	812255	804104	812358	801917
86.29	808988	802894	808616	802624	813559	805918	813858	804450
86.29	812420	803095	809627	801869	808329	803748	809971	803486
86.29	813896	805244	813865	805135	814282	805067	814592	803842
86.29	810891	804074	814746	803294	802817	803690	809765	804111
86.29	811642	805400	810435	804576	812527	804464	811497	804872
86.29	812940	803999	810930	804612	811397	804249	810897	803167
86.29	810331	804244	810417	802654	812310	803473	811179	803295
86.29	808980	802453	807508	799257	810230	803779	811067	803790
86.29	810477	805561	813716	804823	812620	804988	811180	804381
86.29	812788	804707	813026	804012	811000	803952	811093	802243
86.29	815153	805353	813661	805023	810388	804563	810397	803499
86.29	811708	804494	809942	803550	813281	804905	812450	804537
86.29	813349	805369	811071	804757	809565	803445	803080	804151
86.29	814151	804863	812133	804848	809542	802903	812457	801674
86.29	814040	803531	811979	803879	808725	801154	808250	800452
86.29	814294	805894	812006	804428	811892	802023	809482	803020
86.29	811265	802795	809791	803028	811572	805090	812364	803621
86.28	811013	803125	810785	803159	810426	803883	811642	803482
86.28	809917	802670	811121	803025	809374	802069	810871	800506
86.28	809744	803192	808532	802559	811773	804515	811086	802410
86.28	809374	803916	810245	802071	811582	802869	810346	803099
86.28	809843	803202	809416	801577	810963	802707	812237	802017
86.28	810751	803598	810382	802822	811574	803386	809242	802832
86.28	811692	805374	811044	804079	810344	803692	811013	803891
86.28	811754	800876	808168	802052	812970	803166	810904	803232
86.28	812096	804903	812009	802956	811260	804206	812663	804660
86.28	811310	803153	810430	802014	808844	802100	808112	802863
86.28	813136	802998	810702	801347	812426	805985	813432	804742
86.28	812594	806368	811653	804645	814859	806197	804270	805812
86.28	813211	804967	813131	802759	810027	803315	810537	802610
86.28	812676	802922	810096	802641	809738	803976	810669	803597
86.28	811406	805226	812504	804843	811838	804810	809399	803084
86.28	811171	804109	810387	803202	813418	803915	810560	803905
86.28	810458	803694	811245	803787	811700	805989	812539	803936
86.28	814044	804085	813116	802653	813005	804701	814078	804991
86.28	810975	803288	808060	802190	812504	805055	811671	804260
86.28	812692	803929	810471	803573	809861	802380	808470	802907
86.28	813070	804448	813213	803352	812067	804601	811571	805379
86.28	810469	804545	813611	803872	801497	800800	802312	801227
86.28	810142	802820	810927	803689	814201	804276	811314	804139
86.28	812034	804545	812468	804780	811150	804508	810231	803871
86.28	813067	805078	812864	804570	813264	806211	814100	805660
86.28	810030	803104	810598	801868	809508	804185	809597	802488
86.28	812499	801846	810192	803023	811082	805299	811196	804769
86.28	810171	802577	811444	803658	814483	804318	812020	804596
86.28	809134	803039	810178	802447	812053	804518	810859	804101
86.28	808920	803468	809739	804460	812387	804442	811314	804425
86.28	811400	803311	811773	804435	809620	802026	809992	802105
86.28	814721	805165	812797	804001	812480	805312	810367	804391
86.28	814139	805676	813460	805817	803565	802544	811037	802557
86.28	814345	806000	812139	804574	811954	803879	809601	803530
86.28	813811	805232	812601	804011	803493	803630	804279	802170
86.28	812408	804664	809484	805455	809594	802974	809650	802243
86.28	813342	804009	811720	804269	813115	802515	811815	804144
86.28	813031	805437	810706	803015	812099	801750	808740	802038
86.28	809950	801596	810954	803136	812256	803691	809595	803736
86.28	810215	803045	811518	803594	811520	802236	810398	802516
86.28	810077	803615	810266	801511	812161	804407	810340	805227
86.28	812499	804554	810980	803493	813327	804405	810285	803448
86.28	812418	806386	812252	806640	812712	803562	810960	802653
86.28	811073	801730	810332	803979	813031	804155	812959	804455
86.28	809550	802668	810067	803120	808718	801903	809705	801537
86.28	814986	806540	812045	805397	810480	804201	812059	802076
86.28	807247	803651	811825	802575	812974	804407	804307	803384
86.28	811974	804318	810713	803624	810549	804041	811231	803647
86.28	814355	805382	809875	803621	811805	803485	811213	803372
86.28	812425	804646	810078	803642	812672	803448	813276	803414
86.28	812962	802789	810716	802682	812629	804129	811091	802342
86.28	811526	801639	808019	802352	813879	803714	809472	802689
86.28	811177	803741	811669	802587	809938	804063	810702	803981
86.28	810405	804004	809162	802818	807315	804413	810819	802160
86.28	810395	803764	808727	802590	813179	805911	806098	804114
86.28	811428	803221	808440	800877	810863	805146	811143	803593
86.28	811915	805856	811550	803158	808795	802740	809617	803837
86.28	811597	805662	811078	803208	810237	802434	809088	803528
86.28	810399	803358	809962	802317	812869	804944	812674	804110
86.28	809691	805024	812197	804166	811029	805006	810937	804780
86.28	808287	801672	809878	802890	811047	803814	802700	802891
86.28	810336	802877	810335	804308	811794	804256	811807	802965
86.28	812882	804450	810483	805039	809740	802709	808490	803571
86.28	811652	803077	812478	804417	812384	803541	810351	803020
86.28	812126	805157	811774	803370	809957	804397	811306	803683
86.28	813043	804144	812269	804129	809697	804092	810179	803286
86.28	809485	805165	810205	802645	811979	804847	811912	804552
86.28	814136	805816	812323	805311	809403	803789	803147	801595
86.28	810237	803550	812932	804302	804549	803753	808688	804277
86.28	812025	803497	810777	803412	809370	801929	802637	801828
86.28	810998	803795	810380	803309	812851	803646	808744	802306
86.28	812863	803527	812099	803259	813050	804322	808647	804611
86.28	812484	804929	811441	802860	811168	803098	811565	802390
86.28	812294	802526	810652	801256	802962	801792	809355	802776
86.28	808105	803201	808299	802158	804842	803501	810641	803104
86.28	809764	802127	809132	802148	811319	803508	810768	802973
86.28	810479	805290	810624	803751	811265	801750	809308	802613
86.28	811399	805055	808857	803166	810471	803165	808234	802687
86.28	809480	803750	809071	802251	809883	803874	809020	802607
86.28	814259	804538	812941	804551	810140	804000	812375	803946
86.28	809328	803304	809960	804120	813096	806485	812158	805140
86.28	810673	806042	811357	804268	809247	802219	809889	803342
86.28	809863	802919	811158	803375	813111	804747	810179	803473
86.28	811291	803477	811836	804441	805988	804949	810343	805924
86.28	811662	804648	812905	804604	810050	803474	811822	802316
86.28	808621	802126	807591	802197	808935	802734	807539	801338
86.28	812561	804284	811598	804654	811358	804199	810605	804420
86.28	810190	805184	810714	804171	814355	805747	811419	805707
86.28	809288	801925	809594	802041	812301	803936	811450	802873
86.28	811368	802064	811627	802676	813042	804257	811321	805075
86.28	812362	806080	812131	805156	803432	802310	803653	803396
86.28	812968	804866	808985	803706	802825	801898	807627	801666
86.28	812038	804680	811959	804633	807069	800638	808790	801809
86.28	812793	806470	811114	804815	807620	801222	809866	801386
86.28	805696	811269	812444	805244	801384	808329	800933	800409
86.28	803668	811515	809330	802406	803393	810313	812707	804851
86.28	806208	811816	812217	804758	805433	810281	809516	803918
86.28	803520	809804	810655	803262	803002	812575	810117	804221
86.28	805339	811784	810621	803525	804033	812274	813775	802734
86.28	803911	810715	810726	802458	805442	810783	811915	803465
86.27	805475	808953	809293	802624	804985	813086	808437	802876
86.27	801067	808025	806677	800567	801392	811533	808044	801454
86.27	806128	812054	812692	803595	804208	813631	810191	804365
86.27	804844	811390	810617	804494	803750	810906	809731	802416
86.27	805907	812442	810072	804523	805353	810767	812267	805416
86.27	805302	813559	813380	805989	801108	808242	809565	801406
86.27	804596	812719	811871	803790	804717	810856	811000	803328
86.27	806427	813134	811875	805793	804601	809181	807721	803371
86.27	802655	809318	808373	802698	803772	810647	802727	803534
86.27	804997	812801	811043	804084	804892	808771	810404	803774
86.27	805871	812288	810913	804958	802125	810994	808457	803936
86.27	805189	809602	812775	804856	804966	810384	813923	805150
86.27	802361	810439	809601	803849	802944	810688	809433	803064
86.27	802877	809902	808734	802573	802089	809659	810212	802270
86.27	805306	811505	811920	803515	806093	813746	812371	805883
86.27	803135	810265	810946	803395	804225	810726	810559	804701
86.27	804436	811953	812876	803440	803600	809584	808212	802842
86.27	802917	809404	808533	803281	803385	810549	803331	803529
86.27	805316	809827	808543	804170	805196	812975	813141	804947
86.27	803252	809896	808220	802363	804325	810053	802233	803928
86.27	805434	809473	811166	803321	802765	810074	808638	805019
86.27	803844	811063	809336	803084	802920	810823	807834	802996
86.27	802897	809660	808503	801937	804117	812269	811452	803941
86.27	805878	812076	810305	805679	804180	812092	812960	803761
86.27	802587	810441	807178	802083	804523	810337	811770	803998
86.27	803934	812529	810269	804094	803996	809836	810303	804054
86.27	803772	810835	809508	802235	802453	811275	810300	803519
86.27	805092	811191	809800	805215	803805	809594	809195	803074
86.27	803434	810474	809132	803433	803460	809818	812296	803404
86.27	802936	809665	809097	802918	802806	808753	810442	801417
86.27	804031	810997	810392	804660	802643	808372	808731	803360
86.27	804259	809346	811462	804831	802552	807334	807946	801235
86.27	804165	807806	810275	802571	803997	805352	803490	804938
86.27	805012	810996	807852	802881	806245	811484	810293	805609
86.27	803074	809470	809988	802770	801923	809755	810832	803744
86.27	805120	812355	809879	804146	804764	808927	809790	803801
86.27	802029	808480	809962	802062	804821	808963	811078	803274
86.27	806489	809318	809752	804827	803820	809267	809629	804323
86.27	803190	809482	809086	803510	805104	809465	802532	803211
86.27	801934	808003	809383	801270	802560	810402	810392	803731
86.27	803001	811626	809205	803115	802930	809780	807971	803501
86.27	803922	811246	810526	804274	803257	810961	809209	802375
86.27	803862	811321	808916	803723	804506	810150	810500	803475
86.27	803083	808941	809608	802884	802514	809736	811619	803400
86.27	804582	811555	809280	802961	800345	808809	807611	800669
86.27	804090	811860	811563	804120	801940	806470	803072	801524
86.27	803402	811041	811455	803891	803547	810367	810763	803974
86.27	803686	809210	808050	803182	805626	811290	811385	804337
86.27	804275	811687	808540	803054	802331	809049	807400	801632
86.27	800557	808765	807654	800487	802631	808206	802394	803589
86.27	801948	809178	808357	801647	802918	809191	808966	804203
86.27	802237	811074	808022	802295	803921	802797	807933	803517
86.27	801667	808000	809682	802365	804220	811973	810676	804187
86.27	805217	812423	810362	803728	802866	803259	811310	803705
86.27	802171	807971	808560	801120	804345	811865	812454	803940
86.27	804196	809927	808060	802339	803729	808661	802826	801854
86.27	805335	810757	808944	803931	804284	812214	809497	802324
86.27	805130	809395	809846	803976	808230	811964	810832	806852
86.27	802936	808724	810881	802201	803228	811724	808345	802669
86.27	803270	809158	808912	801156	804037	811232	808970	803233
86.27	803615	809690	809386	803362	804880	812892	810699	803982
86.27	805283	812242	812422	804838	803742	807658	809920	802475
86.27	803393	809214	808987	803028	802900	808396	811040	802952
86.27	804587	811913	811193	804695	805672	810024	809790	804325
86.27	804759	809891	811907	804767	803676	809145	809268	802525
86.27	804544	811071	810514	804212	804338	809850	808082	801467
86.27	803243	810064	807275	803292	804482	802546	808285	803372
86.27	806279	810686	810391	804685	804383	808838	804821	803597
86.27	802952	807100	808456	801688	802404	810079	801922	801459
86.27	806423	809840	811111	805466	804681	812040	808471	803381
86.27	803851	809024	808599	803078	803025	807886	808087	802056
86.27	806177	811843	811208	804434	801988	808132	808570	801195
86.27	804887	808916	810738	803831	804289	809277	809342	801822
86.27	804076	808067	809367	803123	803775	809887	810194	803714
86.27	801428	807763	805204	801302	803716	811635	808855	804250
86.27	806356	811542	811877	804421	802520	806269	808203	803338
86.27	801514	808742	805860	802329	804247	808964	809205	806957
86.27	805619	811847	809995	804723	804891	811330	807764	803381
86.27	804594	810696	811315	803582	803525	807417	808078	803429
86.27	803807	810057	809049	803728	803692	809663	802832	803243
86.27	803373	810834	808969	803736	804169	809626	809775	803475
86.27	803425	811596	808671	803222	803634	807628	807973	803281
86.27	802871	807940	808334	802896	805617	809420	809603	802839
86.27	804827	812466	811232	804756	804099	807158	808668	802210
86.27	804074	811348	807830	804461	805571	810097	802857	802289
86.27	803071	807528	808668	802822	803755	809007	809059	802022
86.27	803540	809289	810331	802799	804480	808997	810233	803379
86.27	803859	809676	808102	802805	803202	808443	810422	802672
86.27	804503	809072	807726	804098	804731	810747	805411	805693
86.27	805024	808905	808077	804811	805488	810807	810340	802742
86.27	803874	811023	812630	803974	804907	810461	810531	805086
86.27	805482	811464	810090	804887	805868	810185	810460	805004
86.27	805100	809561	809068	803794	803196	812320	802793	802400
86.27	804383	807895	810262	805510	802345	802117	807924	801156
86.27	800304	806316	804481	799870	805222	809903	810702	805644
86.27	805094	811804	809102	805714	801679	800638	806234	799860
86.27	806395	810545	811905	803688	803268	809929	808185	804059
86.27	803596	809301	806745	803689	806156	810550	811179	804318
86.27	802949	808923	809723	804040	804326	810324	808298	804092
86.27	801958	809661	809401	803343	802450	808866	803812	802867
86.26	802552	808069	807840	801563	803529	808830	808123	802722
86.26	804539	810448	808648	805584	805597	809334	807963	804307
86.26	803354	807283	810423	803208	805194	810809	810924	805704
86.26	803354	810169	807921	802131	803655	809124	808468	802744
86.26	805324	811640	812207	806025	804413	808477	808985	803758
86.26	802615	808253	808528	802220	803139	807904	806878	802839
86.26	804576	809733	809846	804594	803653	808793	809297	803795
86.26	804618	810904	809769	803523	801043	801598	802161	801495
86.26	802079	808002	811010	803480	804641	809225	805101	803702
86.26	806251	811958	810884	804779	804034	809460	805892	801914
86.26	804255	808510	808695	803748	804425	811901	808762	803045
86.26	804791	810953	810836	804875	802978	807551	807784	802748
86.26	803365	808386	808494	804320	803926	808367	806870	804604
86.26	805546	813363	808004	803816	803610	809893	809329	804043
86.26	803578	809720	810721	802965	802551	808851	803789	803832
86.26	803139	810164	809884	804189	801643	810164	808409	803318
86.26	806295	807803	810022	804577	804298	807970	809844	803763
86.26	803747	810440	810073	803489	804566	809740	808034	802396
86.26	805614	812820	811544	805526	804031	809119	802636	804569
86.26	808070	810379	809284	804984	805299	811818	809159	804442
86.26	801168	807445	804958	800321	802228	806509	807843	801669
86.26	804202	809291	808262	804458	801361	808595	807531	802035
86.26	801816	808388	807771	802668	802376	803196	802372	802708
86.26	804352	810600	811277	804236	802615	810356	802665	803525
86.26	804646	811452	810411	805696	804854	803518	808896	803253
86.26	802735	806695	808235	802074	804907	804195	809859	803778
86.26	804931	810712	808522	803728	800785	806650	806782	800761
86.26	803748	808221	809022	804071	804029	807146	808192	805119
86.26	804816	808837	807244	804382	803078	807994	809089	803435
86.26	804987	809675	810217	804293	804269	810240	808207	803072
86.26	805398	810171	810933	804366	801988	807636	808188	802136
86.26	801556	810386	806254	803010	804763	808425	804051	804781
86.26	802679	807811	807237	802853	803062	809176	810031	802129
86.26	803481	808836	809700	803078	805231	811249	808079	804833
86.26	805096	809467	808753	803936	804350	808186	809374	804538
86.26	802776	806365	811065	802914	804236	809544	810185	804547
86.26	803822	808765	808002	803779	804419	808193	803168	802353
86.26	804126	808819	808123	803760	801629	806874	808282	801651
86.26	804604	808724	809237	804779	804665	807178	809701	803013
86.26	803358	808751	810942	805096	803763	807059	804546	803480
86.26	807278	810585	808212	804999	801389	806597	806406	801458
86.26	804203	809414	807794	804023	803071	809539	808783	801277
86.26	804149	808109	808452	805040	802517	806529	807906	803637
86.26	803982	811682	809454	803311	802961	807565	803226	802418
86.26	803239	808277	808919	803960	801767	800646	806684	802668
86.26	803848	807982	808866	802382	804260	806283	809343	803183
86.26	803567	807828	807393	804247	805434	812162	808658	803207
86.26	802453	806170	808521	802510	801674	809056	807259	801910
86.26	801593	806634	807254	802694	804835	810180	809934	804163
86.26	803295	809945	810383	803865	803242	808311	807451	803252
86.26	805607	809367	808643	804090	803813	809232	811114	804485
86.26	804431	808430	806738	802911	801915	802365	807382	802620
86.26	803778	808435	808534	804582	803219	807507	803839	803235
86.26	805383	810876	812423	803580	804978	810763	810164	804035
86.26	803710	811371	811994	805715	802517	810105	808167	803165
86.26	804385	809611	806720	801992	804181	809802	808986	804007
86.26	803039	808642	807007	801330	805469	808824	811904	805486
86.26	802928	808177	807887	802087	802770	801508	801545	802182
86.26	807302	811220	812226	805913	802074	808194	808429	803140
86.26	803912	809144	807809	803535	801907	806536	806079	803312
86.26	802406	810157	809733	804270	804493	809454	807883	804358
86.26	805558	810742	811138	804560	803952	809879	809115	803830
86.26	801808	807743	810262	801868	802924	802459	806522	803757
86.26	801895	807905	810054	802487	806166	810742	809935	806493
86.26	802747	808754	807553	802276	802632	806931	807918	801179
86.26	806234	810470	808068	805522	804141	809272	808697	803163
86.26	803170	808698	807866	803841	803352	806972	806420	801865
86.26	803487	808973	809329	802638	804333	805076	803569	804165
86.26	805868	808612	808611	804254	803799	810192	809168	804215
86.26	802797	807408	808755	802214	802897	805903	807878	803327
86.26	804841	809617	808239	803127	802533	808876	802345	803243
86.26	804684	807725	810516	804452	802938	810329	809255	803549
86.26	803797	808840	809376	803330	803812	809816	806831	803305
86.26	804658	809617	808793	803646	802470	806801	806737	803085
86.26	803141	807421	805722	801150	804071	809534	804896	802825
86.26	803291	809483	809027	804429	805182	811965	810341	804622
86.26	803290	808321	805853	803108	803305	810204	808308	803822
86.26	803006	806848	809015	802621	803772	808340	809272	803765
86.26	803589	808494	807383	803233	805050	808929	809991	804368
86.26	804163	810737	809115	803264	805073	803225	807675	804122
86.26	804790	808738	809028	804889	804408	809488	806933	803343
86.26	805557	810220	809976	805824	804175	808156	806872	802721
86.26	804796	810277	808320	803687	805219	809912	810771	803664
86.26	800457	807505	806447	800064	803301	809259	807482	802341
86.26	805843	810822	809431	804964	802620	807251	807858	803156
86.26	803549	807715	807261	802956	804033	809552	808778	803758
86.26	803392	807664	807846	800889	803484	808818	808911	803976
86.26	802349	808645	808620	801320	804628	808617	809522	804650
86.26	803274	810986	808575	804891	802322	805731	805746	802153
86.26	805502	811128	810413	804389	803116	806080	808199	802462
86.26	804539	812255	813191	804751	802209	806400	807174	803517
86.26	803249	808197	807113	802694	802738	806513	801651	802205
86.26	803162	809588	807191	803518	804978	810224	812288	804255
86.26	805612	810875	808752	803825	803151	808165	807629	803659
86.26	803908	807833	806347	803289	805154	808737	808396	805467
86.26	802798	808714	806795	802213	803550	809527	809764	803102
86.26	803918	809906	808262	803604	803224	804617	804173	803115
86.26	805744	810861	811666	805639	803096	809108	804413	802243
86.26	803441	807138	808156	803120	802413	804579	808016	801729
86.26	803834	808933	809581	804615	802720	809090	808588	803156
86.25	803948	809270	810562	804324	804382	809076	808661	804628
86.25	803234	808366	809321	803983	804886	809085	810959	803987
86.25	803198	807449	806233	802415	803351	808989	809664	804709
86.25	803771	809591	809151	803727	803816	807670	808821	802332
86.25	803931	807896	808179	803378	802476	808157	806994	803643
86.25	804850	812814	809759	802926	802942	808724	807826	802607
86.25	804252	807748	808750	803749	804979	809559	804744	804521
86.25	804287	809382	808626	803708	804822	808304	809213	804024
86.25	804915	810258	810561	805322	803186	803054	801887	801919
86.25	803757	808064	809685	803483	804463	809213	806156	802870
86.25	803987	808203	810058	803683	803172	807747	806441	802051
86.25	804111	808997	810473	803913	803584	809832	809080	803173
86.25	806458	809960	810080	805978	802049	801355	807895	801377
86.25	805485	811672	808445	804540	802715	802198	807999	800978
86.25	805789	809443	807197	802939	802240	808988	806233	801903
86.25	810098	803900	805690	802973	807242	802792	808239	801633
86.25	806882	801640	805964	801624	809861	802817	806860	803704
86.25	807464	802873	806116	803588	808824	803471	807036	802843
86.25	808099	803458	807050	801435	808466	802911	807313	803378
86.25	808982	803663	807409	801831	808903	801896	808239	803100
86.25	810023	805031	812243	806000	809367	803484	806341	802197
86.25	807775	804290	808305	801636	810330	804881	808621	803909
86.25	810474	803806	809157	804923	810228	803350	809457	804452
86.25	810261	806599	810101	804492	808688	802789	808605	803392
86.25	808140	802872	806079	802290	810071	803231	806243	803257
86.25	807255	802837	808041	802509	807586	802115	801767	802476
86.25	809066	802724	805983	803549	808146	803830	806368	804075
86.25	808034	802223	808446	803008	813241	806411	809701	806294
86.25	807984	805316	808736	803117	803424	802680	806221	803064
86.25	810239	804891	809101	804712	809340	804441	807527	804221
86.25	810373	806530	808840	805220	809567	803279	810521	803201
86.25	808660	804990	810222	804119	808522	803041	810141	803124
86.25	809007	804170	807213	804295	807417	802176	806641	802169
86.25	806571	802331	806549	802378	806292	802926	806239	801899
86.25	807430	804114	807034	801643	807273	804593	803570	801807
86.25	806988	803852	806253	803376	804430	803675	804024	804543
86.25	808567	803742	807518	804542	809838	803233	806891	802199
86.25	811373	805084	807304	803717	807677	804073	809134	803973
86.25	806341	802981	805055	802094	808031	804490	807705	803254
86.25	809112	803502	806104	804017	808597	802914	803300	803153
86.25	810216	805230	807131	805385	808955	805569	809247	805434
86.25	809093	803781	808866	803250	807468	804047	808988	804322
86.25	810138	803552	809072	802160	803301	804762	806023	804739
86.25	810408	803969	808544	802848	809939	803452	808944	803443
86.25	810438	805764	808983	804676	808105	803181	808802	804441
86.25	807875	804443	808003	802615	808078	803955	806774	804720
86.25	806309	802935	805918	804447	808722	804200	806830	803386
86.25	808675	803298	806814	803749	808322	803319	807803	803049
86.25	810167	805234	809539	804802	806702	803031	806416	802258
86.25	808377	804339	810008	803829	807814	804123	802992	802390
86.25	809602	805788	810110	803119	805405	805443	809491	803367
86.25	808218	803160	805493	802022	801833	801852	806241	801896
86.25	810399	804461	809505	803499	808644	804186	808720	804729
86.25	809177	805744	809193	804081	803469	805101	803672	803727
86.25	808223	803991	808466	804157	809807	807079	809153	805301
86.25	806879	805452	809659	804554	808528	805326	809250	804709
86.25	808958	803535	808316	802099	809258	805751	805948	803974
86.25	805951	802826	807075	802015	808842	804139	806928	802619
86.25	807409	803263	806825	803070	809016	803180	805678	803064
86.25	809590	803432	809719	803895	806393	803827	806379	803827
86.25	809953	804138	806840	801834	808508	804697	807206	803323
86.25	806364	801561	806145	802487	808492	805282	808204	803924
86.25	807796	802408	807550	802122	806803	803889	808202	801946
86.25	806266	804563	809438	804072	808170	804270	808680	805115
86.25	807469	804278	808379	803535	802386	802949	801535	803836
86.25	806853	802152	807526	802042	808959	806362	809621	805794
86.25	808019	805409	808217	803711	809276	804339	807108	803871
86.25	807912	804931	807436	803140	807505	802535	807226	804359
86.25	808575	802677	807812	803475	806930	801982	806646	802049
86.25	807990	804975	808261	803082	807564	802592	808710	804489
86.25	806980	804523	808766	803794	810321	804900	809658	803434
86.25	808626	803470	809182	803514	808500	802317	807878	803220
86.25	808696	803992	807969	803033	808483	802650	808352	803114
86.25	807879	803341	807965	801804	807760	802979	806466	802635
86.25	806210	801875	804829	801545	808839	803249	807397	804150
86.25	807377	803381	809463	803378	810916	805632	809045	804635
86.25	807073	803574	809774	803828	808821	805197	808193	803440
86.25	809556	805665	810332	804375	806380	803420	807562	801782
86.25	807197	803821	807999	804465	808352	804158	809322	804883
86.25	807671	803986	809837	804920	804933	804253	808849	805289
86.25	809505	804224	809076	804309	810342	803091	809196	804312
86.25	808995	803211	806008	801991	806942	803198	807353	802477
86.25	808056	804120	811162	804035	807214	801731	802326	801204
86.25	808236	803322	809115	803698	809289	803979	806337	803668
86.25	808139	805338	808841	804081	807602	802651	808276	803394
86.25	808942	803771	807569	803650	806346	800808	805292	802315
86.25	811060	804518	809664	804609	810227	802904	806960	802965
86.25	809572	803894	806446	804583	804706	802258	805854	801163
86.25	808167	804152	807390	804497	810087	805260	808608	806132
86.25	805586	801924	805840	801501	805571	802433	807475	803620
86.25	809019	805483	808913	803772	807262	802856	806167	803290
86.25	808922	804415	808830	803854	808153	805031	808022	804084
86.25	808452	804047	807688	804408	808797	805054	808825	803880
86.25	809255	803468	807887	803539	807153	801991	806497	801945
86.25	808065	804884	807718	803921	806337	800027	804741	800432
86.25	808884	805211	808801	805217	809142	805329	807629	804284
86.25	808478	805139	808456	805335	807021	803418	803968	803459
86.25	807388	802905	808728	802758	802386	804148	802919	803093
86.25	807170	808242	803603	803738	808632	802620	801054	801898
86.25	808581	806653	802342	800927	808556	808525	804301	803850
86.24	807389	808963	802701	802581	809815	804681	804173	803655
86.24	810794	810814	804627	804100	805527	807504	802726	801756
86.24	808362	808444	804571	804982	803658	803770	805064	804925
86.24	803434	807375	807495	804181	804804	809453	804641	804283
86.24	804618	809338	806560	803645	801928	802483	805973	802381
86.24	802135	807450	804537	801619	804783	809032	807480	805732
86.24	803462	806561	806424	801029	803956	804007	804522	803925
86.24	804747	804115	806208	803406	806379	806268	804504	806109
86.24	806416	809365	803828	804565	808843	810464	802777	803397
86.24	808853	808700	804242	805190	807460	803540	803424	803839
86.24	809627	809577	805681	804229	805798	804306	803705	802941
86.24	805512	803049	805736	802532	802238	806217	806458	802399
86.24	805749	808825	810770	802562	803489	802834	804090	802245
86.24	809175	804357	809204	803872	803769	804938	807392	802529
86.24	808876	804607	809219	803278	804365	807702	805918	802650
86.24	805400	809657	808248	805617	803332	803152	803721	802291
86.24	801738	806225	805323	801699	804471	808446	807972	804566
86.24	804636	809772	806475	801889	805797	805294	802890	802439
86.24	810710	808913	803957	804981	807107	802383	803007	803291
86.24	807630	807697	805116	803979	807928	807955	805825	803488
86.24	811558	808514	804759	805735	804668	804483	802826	803462
86.24	803704	807354	805612	803220	802438	807950	806563	802697
86.24	803040	808181	808411	802677	803875	805301	804712	804249
86.24	806888	808070	803416	803812	809128	808261	804756	805498
86.24	808326	806699	803769	804010	802347	803636	802444	802316
86.24	802007	809246	807771	802998	804884	809025	804348	804308
86.24	803771	806027	807359	803173	802226	803497	807569	803384
86.24	805121	811984	810590	805296	802312	801712	803934	801357
86.24	803780	809824	808125	802920	801593	803799	801859	803836
86.24	806991	807381	802885	802074	806310	808848	802846	804218
86.24	809109	809190	803120	805365	806957	802101	802427	801635
86.24	808659	808907	803889	805360	804835	807789	804791	802918
86.24	807129	806556	801872	801232	807082	808212	801449	802640
86.24	804927	806613	802394	801781	808717	803618	804736	804089
86.24	803959	808580	808219	804392	802753	807797	802737	801866
86.24	803507	809193	808263	803264	805682	805220	804010	803991
86.24	807904	808433	806719	803731	806724	807943	804109	802882
86.24	809820	809042	804618	804110	807291	807645	803360	803581
86.24	809351	807817	804601	803398	806876	808052	803740	803029
86.24	807614	807634	801845	801642	803476	805945	803326	804209
86.24	811389	809610	805593	804356	807168	807553	803397	802560
86.24	809043	809976	802663	802674	806039	804046	802551	801323
86.24	809582	810153	805605	804366	807402	809163	803154	803491
86.24	810401	808373	803958	804277	806249	802585	802120	802180
86.24	807100	808109	803296	802501	803085	803470	802601	803276
86.24	805296	807418	807736	804459	802980	807742	803608	803787
86.24	803453	806017	806355	803447	802347	803255	802820	803971
86.24	811395	808750	805380	804799	807498	808651	804178	804145
86.24	809093	809809	803563	803664	802330	801478	800687	801240
86.24	806747	804053	806369	803879	803336	804727	802414	802632
86.24	809895	810440	805232	803283	802183	803352	802488	803101
86.24	809142	804727	806144	803122	807583	803627	808476	803961
86.24	810146	807997	806943	805111	808347	809427	803300	804213
86.24	808035	808446	803700	802734	809078	807641	803095	802656
86.24	809086	807152	801774	802166	803048	807107	800846	802749
86.24	808864	809135	804601	806274	807581	802310	803579	802395
86.24	809028	808231	803460	804511	803206	808084	803018	804337
86.24	808295	807453	803203	802528	809048	811285	805082	804558
86.24	804581	804677	801477	801443	803779	804335	803426	803569
86.24	804659	808523	803215	801725	809256	809147	803791	804491
86.24	808707	805759	802348	802286	807584	806769	803149	801779
86.24	808056	807258	803861	803355	809482	809649	803738	802979
86.24	807742	806735	804152	803361	804395	807890	802557	802960
86.24	806432	810454	803674	800981	802302	802477	801418	802891
86.24	808740	807317	805855	803937	805821	805384	805398	805182
86.24	803557	806398	807668	804820	803267	807599	806860	802874
86.24	802484	807144	806889	803141	802086	801516	807116	800138
86.24	804907	808753	808420	802864	804411	805013	804126	803392
86.24	805740	802779	806569	802019	802300	802319	805937	801786
86.24	809852	810553	805726	805012	808345	801527	799991	800768
86.24	809806	809337	806346	806470	803470	808280	803816	803221
86.24	810299	810322	805198	804581	801087	801710	801677	801555
86.24	803029	805955	806705	804330	802188	805417	805698	801959
86.24	802996	807800	806290	801563	805348	807145	807538	803936
86.24	803667	806317	806426	802063	804457	803997	803982	803254
86.24	807893	807043	802940	802728	804652	808596	803241	805320
86.24	807830	807726	804154	804308	805570	806037	802414	802689
86.24	807603	809817	804324	804713	811739	811041	806573	807621
86.24	807753	806408	802689	803551	807263	808324	803975	804128
86.24	807889	806211	804235	804597	806571	802883	803315	804298
86.24	807356	807204	805421	804171	807219	807604	801353	802090
86.24	809785	807825	805344	804546	805251	802164	802412	801892
86.24	807548	808537	804260	804036	806821	807718	804719	803965
86.24	810271	808166	804187	802702	802153	806556	800960	801946
86.24	805084	804580	800359	801002	810538	806066	804426	805034
86.24	809540	808571	804206	804544	804854	805965	803273	803210
86.24	808824	807384	802424	803831	807908	803118	802964	803051
86.24	806042	807761	802226	802893	803862	804304	803481	802334
86.24	805827	809739	811329	804627	806755	804758	808389	804834
86.24	803397	807665	805576	803582	801721	806471	806494	801158
86.24	804249	810638	807122	803532	803502	803969	807096	804861
86.24	802988	808665	805926	803319	803218	803751	806509	801933
86.24	804907	807898	808145	803895	803861	807186	806672	803955
86.24	804694	811864	808933	805406	803911	804224	807144	802964
86.24	805991	808797	807862	803362	803623	807351	803744	803349
86.24	803216	806709	806922	802527	804694	808812	804804	804041
86.24	803423	807486	805383	801734	804538	804704	804219	804399
86.24	807453	809829	805136	805903	807016	809710	803701	805941
86.24	808982	807562	803111	803191	805018	808631	804204	803588
86.24	806928	808257	803269	803035	808275	805684	803596	803155
86.23	809908	808178	803368	803263	806402	808148	802074	803326
86.23	808381	808694	804378	802856	803557	805524	804538	802059
86.23	807453	809977	805181	804086	803908	801865	802507	802758
86.23	807971	808853	804145	804189	803660	808612	804677	803673
86.23	809801	808667	802921	803158	808179	806808	802688	802037
86.23	807544	808081	803513	802989	809864	803648	802884	803330
86.23	810120	809827	804950	803734	807750	807230	804134	803714
86.23	808673	807441	803765	803711	808466	807126	804483	803623
86.23	810520	808001	804742	803319	803342	801443	802246	801965
86.23	809987	808717	805800	804448	808638	805485	803254	802956
86.23	810022	809190	805937	804435	803198	807925	803597	803306
86.23	805792	807700	802865	804281	807373	805434	803782	805114
86.23	809113	806870	803362	803219	805465	805490	805805	805075
86.23	807316	805463	808190	804901	805065	802728	803715	802926
86.23	807476	809643	805069	804192	810517	808551	805329	806123
86.23	810512	806783	802407	803688	806304	807880	802360	803188
86.23	807548	807513	804218	803558	808490	808033	805925	804022
86.23	810162	807570	804870	802879	807620	807622	803499	804482
86.23	808674	810902	806898	805348	806222	808179	803561	802953
86.23	808484	810359	805483	804949	808051	807403	804417	804699
86.23	807598	805584	803379	801968	807276	807100	801852	802139
86.23	808040	809319	804208	803622	805742	808182	803353	804418
86.23	807968	808591	803550	804043	803407	806350	802923	802508
86.23	806137	807808	803090	803551	804474	801439	801779	802704
86.23	807407	807090	805444	805066	805173	808295	804197	804785
86.23	805071	808135	800809	803001	805115	807465	804193	804671
86.23	809238	808862	806315	806049	801653	806213	802675	802078
86.23	809758	809125	805658	805300	807467	806697	803800	803191
86.23	808293	808291	803775	803658	809953	804148	804627	804210
86.23	808037	809709	804774	805659	805701	807043	801996	802732
86.23	808652	809128	803002	802749	808431	806392	803562	805078
86.23	806385	807420	802436	803203	808262	806396	804085	802357
86.23	805584	806484	803103	801037	806814	809675	805052	804873
86.23	808442	808080	803727	803133	802357	802511	803650	801827
86.23	803702	808373	807116	805504	804514	807927	808369	803407
86.23	803451	809700	806741	803570	803366	807237	807537	803990
86.23	802942	807717	807762	803249	802299	807745	807089	802323
86.23	803435	808299	808145	803708	802587	804725	804975	801437
86.23	806089	808488	811192	806515	803426	808156	806261	803481
86.23	803199	808046	804760	802814	802899	806436	802268	802364
86.23	803218	807894	806607	804521	803699	808453	808964	803080
86.23	804220	807256	805951	802759	804240	807731	805739	802899
86.23	803749	808338	808872	804563	803661	806405	807135	803309
86.23	804102	808047	806374	803206	804322	804039	808183	803835
86.23	805804	809368	808664	805098	802464	802729	801843	804020
86.23	808329	808000	804875	803889	804916	809695	805017	804020
86.23	806258	805815	801574	803220	808918	807268	803172	804542
86.23	807668	809469	804986	804667	804090	806930	802784	803289
86.23	807065	808530	805119	803942	809329	810035	805245	803759
86.23	807430	807029	804512	803360	802617	805648	803554	803509
86.23	807647	809218	804405	804071	810161	808562	806128	806302
86.23	809866	808276	803909	803473	808065	804926	803596	804105
86.23	810874	810135	806353	804568	808557	808414	803907	803523
86.23	809550	809985	804869	804891	805165	810663	804341	804805
86.23	810038	807348	803437	802791	805375	804432	804841	805044
86.23	803346	804872	803749	802200	803323	803985	802221	802462
86.23	808095	804209	807317	805346	804001	806303	806338	803165
86.23	805597	809540	807812	803916	804213	809419	806604	804383
86.23	802893	807847	806720	801066	804397	804062	805779	803535
86.23	803159	808536	807029	802734	803780	806686	808783	803621
86.23	804182	807557	807064	803091	803192	806395	803971	803138
86.23	802799	806102	805589	803101	804382	801953	804003	802897
86.23	803856	807400	807787	803927	804582	807507	805446	805132
86.23	802013	807513	806922	803442	804631	803366	805676	802769
86.23	804736	809023	807015	803478	803347	806719	806060	803633
86.23	805551	808027	809655	805346	803073	802936	803062	801836
86.23	807926	803559	806943	803578	804992	805830	801319	802787
86.23	808374	808760	804833	803287	805448	802487	801761	802538
86.23	808008	809205	803445	804092	802834	805201	800297	801689
86.23	808402	808029	804332	803863	806021	801560	803136	801523
86.23	808820	807733	803679	802786	804873	807764	803633	803273
86.23	809107	806561	803358	804272	806928	805736	801089	803285
86.23	809209	808411	804943	803938	806908	804044	803583	804200
86.23	804985	808904	802566	803515	802876	807343	802511	802414
86.23	808210	808390	803393	804588	805554	806280	800384	801332
86.23	808794	806980	803743	802710	806220	804403	804782	804412
86.23	805280	805699	805242	803242	804506	804125	805381	805145
86.23	807699	809524	805800	804864	800924	801479	802065	802039
86.23	804306	806833	807886	804093	802203	803014	807421	801771
86.23	803995	808347	807295	803407	803129	806940	806000	803224
86.23	803948	805322	807765	803495	803397	807195	803199	803671
86.23	803362	807911	806458	802947	802747	806202	806396	802553
86.23	803297	807606	808780	804867	802696	807663	805366	804152
86.23	804838	808893	807883	804162	803576	803625	807479	804487
86.23	805486	808097	806982	804832	805375	808153	808539	803845
86.23	803665	807905	808765	802100	802347	806141	803427	802766
86.23	804873	807595	810583	806075	804396	806637	807766	804143
86.23	802483	804698	804021	801183	804607	806880	806239	803676
86.23	803301	805329	806560	803361	804697	806674	805112	804636
86.23	805615	810070	809229	804809	802170	802777	799957	800399
86.23	805342	808914	809023	806943	803227	805574	806931	802981
86.23	803754	807627	805648	803645	801886	802077	805071	802858
86.23	804156	807231	808007	803348	806571	808504	805044	805529
86.23	804770	808473	807388	805259	804646	807245	803234	804090
86.23	802468	806194	807424	802786	804645	806945	808024	804171
86.23	802415	805559	805420	803706	803937	805457	804366	801817
86.23	802559	805633	807725	803584	803593	802881	802926	802134
86.23	808042	805683	808198	806037	808525	803954	808330	804079
86.23	809532	805457	807631	805386	802915	803092	804857	801573
86.23	806256	802940	803710	803547	803116	803245	805971	804083
86.22	808747	803298	808447	803094	805287	800958	803870	801557
86.22	806349	807703	802413	804466	804081	804116	803744	803488
86.22	804822	807920	807684	803543	804508	808204	806782	802216
86.22	801874	806028	806417	801874	805146	807694	802710	803973
86.22	804352	806440	807202	805417	804688	803886	807102	805408
86.22	805526	807304	808720	805379	799407	804490	803943	798917
86.22	803708	806574	806267	802755	803844	806193	807001	802490
86.22	803837	806260	806950	803215	804239	807204	808328	803317
86.22	805108	809753	809202	805040	803255	805820	803155	802887
86.22	804534	807860	807419	803887	803772	806982	807139	802755
86.22	803494	806519	805160	802977	804136	805295	806993	803494
86.22	804156	809848	809274	803919	801986	807455	808002	803954
86.22	803708	806340	805608	801779	801714	805195	805336	801462
86.22	804602	807876	806036	803361	805913	809728	809733	805971
86.22	805699	807155	808490	806068	802121	805503	800943	802826
86.22	809006	805105	806500	804731	805073	805172	806814	805525
86.22	802549	805509	805254	802662	805011	807048	809278	803143
86.22	806010	808492	808456	803445	802539	805637	805009	802881
86.22	803726	806032	805282	803216	801745	804287	806710	801560
86.22	801928	805416	804391	801328	804717	807350	807405	804306
86.22	804221	807953	807667	804727	804254	806357	806765	802016
86.22	804414	808944	807526	803316	803018	806642	804584	803379
86.22	804030	808120	809858	804169	804691	806425	803628	802352
86.22	803691	806604	807945	803386	804944	808673	807465	803898
86.22	802765	806397	806807	801803	802628	806237	803229	802645
86.22	805411	810308	808322	804758	803817	808289	808178	803607
86.22	802627	806442	806030	803031	803967	807179	807643	803085
86.22	804738	807066	806849	804483	803626	807344	807042	804445
86.22	805189	808285	807389	804741	804152	807839	807041	805776
86.22	802897	805294	803898	802579	802728	806281	803730	802106
86.22	803403	806449	805718	801679	802870	808039	806156	802325
86.22	803835	806071	804160	802887	804727	807823	809630	804576
86.22	804994	807629	806137	804180	804877	807471	807730	804026
86.22	804662	807999	808185	803624	803382	806758	806214	802065
86.22	804054	810056	808474	804404	802909	806699	805793	803717
86.22	805773	808392	809039	805360	804453	807102	803669	804605
86.22	803631	807673	806531	803686	803933	804966	807733	803558
86.22	802668	807178	804021	802101	803279	805907	807542	802803
86.22	801746	806095	807368	802058	802134	808388	805921	802356
86.22	803937	805242	805524	802257	803621	809701	808584	803357
86.22	803492	807440	808309	805564	803453	806466	807150	804485
86.22	804436	807922	807147	803501	804676	804690	806984	804173
86.22	803052	805532	805338	801358	802782	805681	805933	803092
86.22	805185	807631	809007	805736	801881	803919	805763	801252
86.22	801511	807323	806308	800761	805437	806040	806191	803862
86.22	801203	805648	804558	801429	804023	806337	806514	805026
86.22	803952	807070	805096	802887	804915	808974	806964	805841
86.22	804436	807915	808125	803516	804001	802029	802032	803445
86.22	807086	803923	807883	806269	805590	806022	806135	803173
86.22	807675	803584	808471	804212	805045	803863	805727	801316
86.22	805270	802307	804274	802537	806245	803781	806839	803672
86.22	806882	806706	802731	803874	806661	807555	803671	803317
86.22	805691	806518	802418	802357	808160	806002	805889	805030
86.22	809624	808350	804451	803748	805229	806105	802235	801837
86.22	808435	808361	804131	805225	806222	806005	804334	804788
86.22	806042	805768	803495	803805	807442	807692	804813	805471
86.22	808703	806539	805188	804626	806752	807227	803775	804540
86.22	808030	809925	806260	803799	805906	806479	803502	802391
86.22	803364	805013	801355	800472	807680	807769	804523	804563
86.22	806129	806147	803686	801927	805322	805803	803830	803495
86.22	805620	805686	803217	801507	805621	804832	801781	802970
86.22	805824	807901	805005	804287	807499	806095	802405	801225
86.22	806272	809326	804138	803651	808438	806972	803139	804398
86.22	807888	806959	804181	804067	808746	810607	807424	804559
86.22	810646	807682	805136	805048	805010	806026	801418	803681
86.22	804685	806992	801999	801645	806985	806958	804216	804376
86.22	809728	809613	805683	805860	809185	808507	804585	807162
86.22	808962	808234	806440	805729	806271	806129	803308	804277
86.22	805218	805226	802320	802105	806102	805764	803407	802960
86.22	804614	806619	802161	802405	806326	807128	804163	804999
86.22	806077	807882	804753	802951	807009	808081	803251	803075
86.22	808788	809595	805417	804583	807085	808245	803678	803312
86.22	807670	808565	803864	803732	807780	807736	803278	803283
86.22	805466	807408	803450	804054	807433	808217	803388	804933
86.22	806763	806238	804946	806180	803497	807380	801567	802150
86.22	805771	804994	803377	802714	806435	806009	804296	803846
86.22	806917	807354	802217	802421	807829	807282	803549	804849
86.22	809040	806637	803734	805213	806898	808191	804023	804167
86.22	808324	807276	803494	803683	807982	807000	803904	803711
86.22	808660	808098	804388	805553	804367	800850	800936	801161
86.22	804610	805533	801040	802409	806629	807190	802568	802447
86.22	808287	807063	805135	802803	806945	807178	804631	804778
86.22	806965	806383	802211	803723	809298	807141	802215	804525
86.22	806778	807840	803597	803167	804084	807333	804388	802523
86.22	809256	807574	804074	804111	807799	807075	803765	803417
86.22	805453	806781	802522	801760	803422	807789	805490	804358
86.22	807822	808705	804639	805545	806887	807641	803643	805898
86.22	805158	805305	802270	801929	806146	806725	802725	802821
86.22	806822	807899	806342	802419	806104	807294	802555	802062
86.22	806306	805980	803697	803373	805756	806225	803406	804437
86.22	807371	807346	804370	805032	804226	802791	802313	801204
86.22	805691	807484	802836	802532	806963	808050	803735	804447
86.22	805976	805397	801989	803271	804846	807935	802786	803291
86.22	808300	806334	804399	803418	807699	807082	801783	804171
86.22	806001	805315	802504	802155	805700	805546	803161	800900
86.22	806046	806629	802914	803209	808118	807160	803423	803125
86.22	807196	806598	802998	804649	807054	808024	803059	804010
86.22	806183	807775	802625	803209	807155	805670	803979	802716
86.22	807789	807031	802911	803546	806701	807510	803158	802627
86.22	807915	809305	806856	804596	808718	808042	802541	802947
86.21	805553	806261	803264	804329	807107	809229	805842	804595
86.21	808704	808247	803965	803586	809623	808496	805011	803068
86.21	805617	806581	803018	803602	808485	808461	802290	803245
86.21	804028	805102	801935	799674	807089	808039	803744	804352
86.21	806941	806939	802848	803836	805771	807370	802585	801986
86.21	811342	808680	806000	804389	807412	807478	804412	804356
86.21	806235	805986	804026	804191	804811	807161	804386	803853
86.21	805152	807270	804911	802918	805004	806786	803183	803007
86.21	807286	807719	803470	803931	809130	808096	805353	805561
86.21	808538	808981	806671	805530	805013	804961	801819	803037
86.21	807596	806005	802914	803411	806753	806024	803016	803323
86.21	808061	805871	803819	803950	805996	805229	802773	801240
86.21	803761	804512	800790	800891	803202	808101	803668	804969
86.21	806579	806410	803497	803819	806619	807236	803174	802966
86.21	806650	804887	800613	801759	807555	808361	804121	804188
86.21	806640	804668	802953	802673	805198	806656	802389	801947
86.21	808051	806432	804400	804840	806771	805727	802693	802713
86.21	804350	804316	800532	801065	807959	808947	804718	803759
86.21	807159	808815	805336	804359	805373	806728	802761	801871
86.21	808320	809849	805656	805756	805095	803249	802752	800775
86.21	806860	803889	802977	802249	807456	807550	803370	802174
86.21	807076	807689	804299	804670	805928	804993	803299	803162
86.21	803496	804180	800228	801370	806562	805685	803923	801911
86.21	808375	806591	803992	804976	808259	808042	805066	804721
86.21	806188	807950	805697	805176	807100	807535	803968	804419
86.21	807364	807240	803152	803425	805096	805018	803013	801907
86.21	807793	808380	802698	805124	804673	806830	803208	803822
86.21	806681	807299	802469	802197	809034	808777	805453	804778
86.21	806122	806792	803512	803751	802832	803961	802372	803053
86.21	804159	806112	804869	801739	803633	805770	804905	802837
86.21	803030	805889	805790	802752	804216	807774	806244	803962
86.21	802503	806589	806748	804342	802305	804099	806348	803240
86.21	803780	807852	804974	803128	802332	807325	804425	802302
86.21	805872	807631	808607	806381	805312	805525	806993	805900
86.21	802624	805317	804325	800987	804429	808469	807123	805230
86.21	805670	805852	807388	805327	802386	805551	807515	802869
86.21	804075	806699	807006	803997	804722	808680	806042	802580
86.21	804422	805359	806163	802926	803709	802826	802166	803223
86.21	805430	806907	803028	802114	806405	804270	801885	802242
86.21	808339	807434	805249	805054	809783	808181	805796	804414
86.21	806693	808222	804149	804290	805800	807014	802994	803098
86.21	806216	807965	805964	804843	805372	802200	802561	802148
86.21	805465	806512	802168	802482	807264	806769	803171	802279
86.21	804083	804278	801864	803000	806555	804718	803130	804203
86.21	804749	806431	802810	802240	803703	803318	800190	799942
86.21	807187	806936	804016	803887	804972	805693	803723	805059
86.21	806180	807423	803292	803242	804213	806173	802438	803534
86.21	804618	806164	802903	801948	805492	806781	802940	801006
86.21	806827	807410	805358	804965	805226	807604	803747	804543
86.21	806985	807640	802973	805452	807705	809090	805373	804718
86.21	807739	807594	804958	803663	808414	807802	804914	804582
86.21	807364	805409	805696	802948	807592	807911	804284	804713
86.21	808316	807557	803777	802823	808092	806569	806695	804537
86.21	806005	807931	802995	803219	805366	806693	804283	803536
86.21	805893	805001	802592	802802	806484	807361	803000	803716
86.21	805265	805946	804023	804261	807062	806235	804417	804360
86.21	805728	808593	803296	803806	805674	805318	804324	803026
86.21	806324	806582	804433	803166	805557	803225	802904	803972
86.21	808149	807153	804088	802872	805077	806186	802922	802460
86.21	806843	808550	805447	804632	804536	806367	802958	802458
86.21	806838	807309	803141	803946	807987	806433	802518	804490
86.21	805245	805758	803820	803466	806396	808174	803711	804987
86.21	807990	808623	805506	805964	806867	806043	803118	802052
86.21	807814	806714	804282	804564	804101	806062	802068	803884
86.21	806267	805047	802962	803638	806637	808740	805665	804210
86.21	804574	803556	801552	801673	806074	806308	803387	803020
86.21	809497	808341	805663	805611	803206	803342	803757	802974
86.21	802626	805897	805605	802836	801669	805877	804448	801777
86.21	804091	804995	804731	801695	803884	805986	807517	802776
86.21	803677	807148	806799	803262	802972	805031	803182	802815
86.21	802774	806152	803826	803094	804389	807332	807842	803639
86.21	804593	807958	808661	806839	803106	805408	803021	802477
86.21	801763	805014	805146	801988	804718	806254	806162	801757
86.21	805807	804741	807858	803939	804924	805021	804792	803726
86.21	803891	808582	805622	803159	803577	807242	806965	804571
86.21	802971	804981	805407	802627	805409	805432	806479	803244
86.21	803853	808148	807065	805473	804079	803990	805769	803476
86.21	803661	804724	806657	803970	805811	809824	809615	806170
86.21	803754	805769	804844	802986	803311	807564	804275	802490
86.21	804763	803960	802381	802527	805121	805822	801843	803876
86.21	807894	806092	804666	803902	806906	804424	805557	802945
86.21	806219	805110	807302	803293	804022	804035	803539	804964
86.21	803902	807673	807133	804228	804102	804526	806591	805698
86.21	803636	805987	804951	802422	802029	803939	805662	801900
86.21	802565	805883	805551	802523	803608	806815	806618	803670
86.21	803853	806236	806279	802799	804400	805338	806035	802610
86.21	804273	807691	806238	804465	804443	804711	808058	804229
86.21	804110	807041	807886	804383	804985	805740	805039	801223
86.21	804352	808399	806685	803681	803875	803110	805454	802337
86.21	804402	807103	806494	803229	803153	805666	804789	802373
86.21	802466	806392	804581	801285	803055	801796	804136	802596
86.21	806039	803944	807849	802568	807274	804156	806764	804224
86.21	807471	805307	807191	804997	807118	803946	804710	803926
86.21	807322	803420	806489	802915	807860	804240	804707	803301
86.21	807306	805520	807781	803800	807043	801778	804057	802686
86.21	805539	802703	803502	802155	803576	803700	807333	802466
86.21	806020	806423	802598	802321	803859	806145	802876	802951
86.21	809244	809071	805922	805271	804779	805973	803530	803590
86.21	806294	807235	804284	802861	803079	804494	801548	800801
86.21	804631	806175	801844	803017	808163	808547	805473	805300
86.2	804967	806178	801566	801482	808534	807737	806389	804924
86.2	809125	808820	804772	805375	806004	807274	804277	803723
86.2	806730	806873	802498	802389	806765	803337	802471	802211
86.2	803443	803691	802817	801263	807554	807157	804686	804530
86.2	805273	806735	804029	804539	808499	806932	805326	804846
86.2	805664	806051	803226	802950	804197	805639	801625	803124
86.2	807646	807934	805816	805774	804978	805691	802234	802276
86.2	803358	805637	799788	802877	803405	804613	800563	799890
86.2	805517	804972	802483	803416	806100	805596	803123	803994
86.2	808753	808307	803236	803593	807147	807627	805247	804216
86.2	806119	807226	804420	802481	806005	806475	802843	802206
86.2	807637	807822	804091	803693	802356	803303	801613	804323
86.2	807851	802467	806106	804122	803673	805624	806933	804031
86.2	804347	806242	808334	803199	804075	805452	804456	804865
86.2	806562	804990	806358	803478	804028	805234	804620	805302
86.2	805010	803709	804415	802655	807303	805137	804993	804183
86.2	804682	804565	801509	801615	805794	805258	803058	801460
86.2	805853	807019	803381	803431	805133	805544	802853	803860
86.2	805013	805342	802032	802616	806652	806281	803682	803665
86.2	806476	805363	804869	803675	807582	808319	803618	803643
86.2	806842	806264	803093	802236	807746	805022	804127	803660
86.2	806348	805044	803670	800410	807990	806035	804279	803643
86.2	808800	807278	803900	803859	806235	803435	803561	803758
86.2	806382	806147	803699	803205	810046	805635	805018	805384
86.2	806914	806238	802090	803073	805662	806169	803482	802838
86.2	808115	806108	803936	804523	808702	808497	805464	805426
86.2	807306	806904	803807	804044	804163	806230	802063	803767
86.2	807016	808386	805170	803566	804920	805145	802422	802912
86.2	807052	805514	801737	802370	805314	801654	801712	801136
86.2	808766	807487	804252	804278	806047	807073	803772	805734
86.2	805353	805774	802281	801953	805727	803963	804338	804840
86.2	807811	804465	805489	803859	805347	803133	803747	802057
86.2	806413	802754	805771	804431	805798	804295	806042	802622
86.2	808063	803325	805813	804243	806707	801553	802734	801897
86.2	806422	803903	807263	804821	806175	802568	807212	801185
86.2	808280	803809	806735	804057	808043	805985	807644	804767
86.2	805908	806675	803415	802770	805167	804130	804167	804370
86.2	805201	802784	805144	801216	804828	804136	806562	804039
86.2	805111	802785	804606	802596	803186	803038	801433	801719
86.2	805058	806381	807076	803591	804530	807890	806019	802479
86.2	802255	804930	805609	802308	801942	805002	805030	803835
86.2	803549	805770	805282	803441	803970	806243	806577	802227
86.2	804819	807168	808670	805355	801295	803972	805275	802032
86.2	802985	803951	803991	801673	802660	805160	804633	802264
86.2	803328	804822	803621	802612	802168	806393	805805	802731
86.2	803388	804652	805955	801703	804992	807794	805139	803713
86.2	803623	806350	806524	804996	805639	809833	807839	805637
86.2	804702	805190	806024	803586	803158	805525	804636	802377
86.2	804638	806573	806132	804067	803628	806074	806599	802446
86.2	806710	809127	808162	805694	803257	807258	805766	802342
86.2	805020	806172	806037	804813	802433	807631	805603	803025
86.2	804839	805875	806427	804106	804183	807040	804073	804191
86.2	803599	806228	805006	804013	805203	807628	806691	804829
86.2	805224	807852	808131	805021	804575	806924	808487	803059
86.2	804467	806688	805463	805001	804050	806492	806555	802832
86.2	802825	804786	805673	802752	804059	805740	805990	804294
86.2	803934	806341	803999	802602	803297	806618	805819	802823
86.2	802932	804825	804770	803483	802899	804812	804731	802934
86.2	804283	808489	806399	804261	803933	807110	807180	803754
86.2	807391	805954	806845	804940	801489	803389	804182	802842
86.2	805343	806638	806227	803986	803023	806881	804073	803335
86.2	801907	804042	806424	802087	803448	805055	805310	800987
86.2	801931	806105	805735	803021	801659	805287	805724	801413
86.2	804982	807988	808392	804684	806234	806183	804695	805372
86.2	805191	805430	807930	805352	802944	802483	801383	803449
86.2	806533	804425	803772	804141	806990	806419	805930	804422
86.2	807704	804398	805043	802639	807512	805283	802066	802811
86.2	806020	808083	803525	803592	805757	805126	802329	803042
86.2	806273	804858	804774	803724	804237	805133	802785	802323
86.2	804308	804563	801705	801619	805329	807507	805306	803840
86.2	804065	806696	804523	803639	805727	807303	802889	803214
86.2	806058	806648	803339	803786	806056	807301	802250	803084
86.2	808373	807208	803475	804368	808030	806102	804685	803920
86.2	808911	807701	805977	803430	806421	806437	804244	803105
86.2	806785	806922	802403	804448	805682	805617	803651	801297
86.2	805934	807026	803835	803239	804142	804522	803588	801291
86.2	804780	803722	801643	802586	805161	803057	802234	803700
86.2	808557	807433	803431	804779	800303	803454	802372	801002
86.2	807011	809261	809198	806126	806188	805903	806896	805052
86.2	804831	806656	805044	802136	804023	807805	806713	805238
86.2	803612	805991	805330	803685	804331	808680	805500	803856
86.2	803542	805524	804348	802713	803502	805796	805718	802670
86.2	804442	806033	807329	806021	803941	806180	803599	803891
86.2	806817	805484	805357	803087	808931	808951	805646	805845
86.2	805979	806497	805562	803975	806101	805268	802557	803397
86.2	807348	806650	803718	803522	805543	804150	803678	802218
86.2	806158	805671	805384	803513	805277	803774	804725	803822
86.2	805176	805451	803279	802025	807446	807553	804207	803066
86.2	808120	806493	804751	803928	805942	803117	802219	803896
86.2	806131	804418	806664	803957	804771	802168	804010	801698
86.2	805812	803732	803791	803029	804849	802928	805170	801935
86.2	805668	804033	805590	804097	804462	802621	801027	801877
86.2	805168	805139	801844	804049	804158	806093	802948	802892
86.2	806239	805113	803390	803135	800640	802692	800803	800325
86.2	802321	804761	805397	802343	804500	805529	801052	804892
86.2	803114	804049	803598	801951	806009	805605	804740	805789
86.2	803773	806177	808456	803114	803337	806005	804325	803599
86.2	804156	805460	806181	803792	804480	807491	806269	804148
86.2	802618	804217	804769	802606	801656	804227	802895	801702
86.2	806307	807726	807958	806124	804308	805915	805787	801930
86.19	804502	806421	804315	803828	804411	807166	804039	803409
86.19	803591	807583	805050	802114	803352	803429	803911	800864
86.19	804832	807537	807199	803987	805603	807163	808608	804392
86.19	805272	807044	806095	804475	804689	806653	803098	803389
86.19	805186	807662	807599	804298	802426	803191	803065	801538
86.19	804774	807470	806842	804234	804293	807060	804410	804294
86.19	803573	805569	807240	804710	805487	806203	805866	805441
86.19	804795	802934	806115	803369	801088	802562	803696	802361
86.19	805293	809473	806540	802880	804264	808351	804837	805785
86.19	804804	807445	805237	804492	800895	804731	802194	801275
86.19	804787	808086	809352	804935	804004	802479	803173	801567
86.19	806480	807542	808359	807714	801139	801969	802984	802461
86.19	802768	806007	804664	803585	803421	806512	806466	802142
86.19	804050	808259	803526	803152	803304	804307	807197	803485
86.19	805034	806208	807316	803334	804732	804542	806305	804046
86.19	806285	804236	806749	804004	807007	803387	806281	803333
86.19	805642	806780	802796	804127	805936	804011	802290	802119
86.19	806925	806335	803592	803792	803500	805477	804129	803434
86.19	807071	804550	806216	804298	806339	805571	808657	804392
86.19	807119	805104	807589	804491	804440	802458	802451	802743
86.19	804579	803196	803117	802669	801535	803429	802470	800884
86.19	803042	805705	805495	803102	803596	805380	803871	803062
86.19	804472	805673	804953	802978	803782	802975	804014	802379
86.19	803991	806527	806905	803715	805678	806923	804329	804996
86.19	805355	808024	803294	803209	807212	804564	803797	802878
86.19	806160	806640	803263	803230	805412	806050	803046	803664
86.19	806175	805812	803927	802023	803074	803283	803344	802235
86.19	804503	806690	806571	804528	804224	805434	805026	802347
86.19	804764	806399	805490	804428	801807	803781	802618	801874
86.19	804586	806027	805926	804458	804761	806575	806704	804500
86.19	803027	805840	806368	803769	800290	804050	804600	801551
86.19	804053	805884	805263	804318	803102	804580	805582	803123
86.19	805379	806420	806848	804011	803021	802571	804002	801705
86.19	803869	804823	805019	802899	804075	806128	805611	804710
86.19	802560	804737	805701	804348	803647	806355	804810	802381
86.19	802484	804733	806363	802179	802010	805787	804469	803119
86.19	802265	804997	803649	801974	802693	805622	805560	802467
86.19	803955	806212	805614	801536	802842	807339	805801	803646
86.19	803775	805549	804414	803404	805009	808259	806363	804352
86.19	803774	808002	806668	804370	803944	805058	804023	802637
86.19	802206	804649	803256	800830	804747	805038	805642	805360
86.19	802642	803974	803935	803725	804740	806186	803079	802861
86.19	803589	805462	804478	801387	804712	807049	805498	804144
86.19	805321	806454	808008	804202	805770	806963	805943	803998
86.19	803886	806913	806791	803356	802889	804327	805010	802818
86.19	803096	804988	806412	802610	804091	804468	805977	803542
86.19	803534	807964	805161	804924	804035	807314	805652	805295
86.19	802911	802830	803434	803534	804982	806850	805729	804338
86.19	802674	806188	804074	803994	804651	806562	806520	804672
86.19	801435	804805	803787	803491	802866	804789	805466	803715
86.19	803584	805802	805198	805428	803915	805716	805409	804411
86.19	801922	804901	804607	801485	803671	805894	803394	802286
86.19	803189	804731	806065	803143	805892	805561	806640	806031
86.19	805087	807416	806135	803625	803112	803442	804747	802013
86.19	803538	805120	804936	801659	804436	806977	806413	803155
86.19	803147	808058	805382	804344	805874	804629	803326	803301
86.19	803845	801339	803845	801350	806131	804262	803895	804406
86.19	804620	802450	804910	801436	805552	802950	805874	804289
86.19	805480	803621	807265	803517	805762	803619	803764	800889
86.19	807436	803995	805480	803074	801094	802634	803218	801139
86.19	808277	803857	805169	803548	806315	805280	806699	804834
86.19	808807	805373	806804	804820	806458	804980	806085	805106
86.19	802558	804892	804121	801653	804896	806468	808373	804210
86.19	801249	803257	802920	800299	802526	806859	805821	802595
86.19	804708	804861	801854	801494	806301	803341	801944	802712
86.19	808286	808743	805246	805254	806525	803413	804376	805092
86.19	805998	806088	802913	802632	806702	805464	802865	803259
86.19	806238	808716	805760	805505	804238	802134	802005	804589
86.19	806724	803954	806444	803426	807614	805152	805963	803744
86.19	806470	805605	807145	804693	806840	805345	805068	804553
86.19	804926	804868	805894	803614	805896	801997	803424	802061
86.19	805690	804343	806102	802899	806614	803795	806958	803308
86.19	806829	805458	804026	803360	805613	804247	806113	802844
86.19	804701	806000	805478	804152	803723	805815	805680	802795
86.19	803420	803808	803223	800995	805576	807312	805690	802926
86.19	803862	806448	806529	803402	802176	804610	804397	801262
86.19	803037	807294	804222	803302	805714	806193	806130	805182
86.19	805865	807936	806240	804312	804439	806481	804305	803688
86.19	804072	806412	808698	804990	804786	806880	806061	803916
86.19	803611	806026	806176	803324	803584	805573	803226	802948
86.19	802853	805332	807069	802439	803828	807315	805243	804395
86.19	803509	805092	804881	802578	803595	807111	807530	803996
86.19	805229	806342	806639	802982	802474	805804	805267	803834
86.19	802350	803470	805075	801831	802217	804807	803825	801980
86.19	803368	804790	804306	802315	800594	803334	801711	800025
86.19	803747	807482	805889	803942	802935	804960	804577	801277
86.19	804217	805760	805237	801931	805364	803315	807377	805667
86.19	805436	807571	807237	805778	803015	805624	803811	803258
86.19	801572	804994	806177	801975	805869	808526	807370	804758
86.19	804025	806120	807760	804429	803612	806035	801919	803135
86.19	802642	804242	804440	803412	802284	805215	805247	802235
86.19	803357	804537	804607	804293	801948	803915	801005	802166
86.19	804085	804865	805347	804695	804382	804985	806021	804318
86.19	804163	806802	807166	804726	803920	804369	802258	802108
86.19	805398	806589	806194	804079	802979	805681	805535	802748
86.19	804864	805251	806253	804256	800872	800301	801471	800987
86.19	806520	804220	804899	803453	804652	802296	804433	803314
86.19	806527	804286	806133	802430	807277	804514	806832	806208
86.19	804540	803597	806164	803288	804549	801386	804605	801821
86.19	803936	806774	806297	802873	803839	805802	803533	802917
86.18	806662	807750	806784	805155	805500	809454	807641	804948
86.18	803167	807748	804413	802918	805099	804134	804070	804290
86.18	805380	803177	805946	803273	806605	803604	806423	803400
86.18	805882	803988	805054	803392	806403	804210	804039	803059
86.18	805331	802508	805006	803009	806218	806662	806988	805107
86.18	805388	802444	804090	802087	804466	801749	805315	802149
86.18	804600	808503	806481	804461	801940	803981	803567	801373
86.18	803427	804447	805349	801560	802428	804351	803764	802428
86.18	801888	805138	804044	801168	803428	802213	802110	802792
86.18	804121	805285	802076	802278	806338	805781	802273	803123
86.18	806588	807399	805681	803003	802448	801122	804454	802339
86.18	805539	805421	805858	804252	803015	804833	803540	802463
86.18	802532	804258	804153	802842	804543	804477	804844	803917
86.18	802836	805187	803482	802557	804213	807042	806262	803064
86.18	806324	806100	807956	805688	804730	807226	804198	804137
86.18	805852	808040	806144	805669	802654	806789	804310	804252
86.18	803622	805011	804672	802166	805121	804891	808854	804179
86.18	806707	807556	808698	805993	802041	803320	804097	802146
86.18	803647	805415	804040	802387	803617	804819	805593	802036
86.18	802712	805654	804409	802550	801701	803422	803203	801665
86.18	804396	806305	807849	804210	803657	805071	804980	804549
86.18	804996	807474	806327	804864	803070	805683	804889	801790
86.18	804529	808286	806256	804376	804687	805235	804936	803099
86.18	805101	806809	806702	804328	802716	806013	805745	803451
86.18	804464	804472	803930	802295	803271	807208	806831	802597
86.18	802581	807171	804395	804093	803632	805936	805332	803176
86.18	804136	806301	806020	803199	803271	803453	803805	802120
86.18	805964	806898	807480	805527	805778	806762	806246	804847
86.18	805113	805488	806293	805591	803524	806825	806057	804025
86.18	803038	807041	805712	802632	803576	803685	805119	802683
86.18	806038	807526	807731	804360	805995	806379	808318	805938
86.18	804476	806089	806956	803976	801474	804988	805104	801626
86.18	803785	805179	805289	802192	803776	805459	804076	803958
86.18	805038	806397	806464	805930	803424	808148	804061	804078
86.18	804051	807792	804996	803065	801993	801041	806637	802437
86.18	804372	807251	805768	801738	805013	806306	803771	803960
86.18	805530	804811	805084	802780	803663	802754	803955	800792
86.18	808817	804236	807419	804061	805702	803124	805925	802917
86.18	806422	802901	805964	804338	801420	803837	803962	800251
86.18	805135	807916	807992	805700	804102	805232	803296	801848
86.18	802987	805699	804133	802932	803173	806875	805946	803019
86.18	805169	807993	806684	804300	802512	803543	805579	802446
86.18	803991	805812	807069	803029	802499	805049	802804	801382
86.18	804247	806056	806200	802913	804618	805134	805166	803885
86.18	803179	806424	804255	802993	804222	805523	802693	804237
86.18	805834	806332	804374	801514	806804	804379	803997	803273
86.18	806282	804888	803774	804540	805288	801941	801024	801818
86.18	807928	807698	804805	805574	805751	806291	803064	803333
86.18	807697	806939	804533	803836	802119	802391	801773	802619
86.18	808255	808674	803953	804751	804487	804332	801732	801125
86.18	807383	807545	804733	805089	806293	804352	803377	803616
86.18	807175	803857	805960	804909	805711	806186	803456	804271
86.18	806792	807117	803806	803511	805659	806327	803632	803116
86.18	806167	806001	804412	804784	805302	806627	803615	803520
86.18	806101	805018	804702	803213	803454	801795	800620	801646
86.18	805856	805717	803958	804218	806572	803670	802999	803734
86.18	805861	805665	805151	804458	804743	802955	802115	802535
86.18	807926	806606	804942	805069	805862	805057	802923	803611
86.18	804964	805583	802033	803635	805977	804511	801781	800492
86.18	806632	805976	804708	804691	806946	807836	804522	804522
86.18	808023	807144	804276	805123	805116	807472	804855	804478
86.18	805454	804534	802616	803180	805581	806108	806039	804779
86.18	805680	805194	803848	802623	804876	803767	805109	803689
86.18	805421	808194	804562	803242	803764	802683	800373	801389
86.18	807403	805377	803338	804883	803705	804977	801897	801858
86.18	807895	808747	804874	806346	804740	805596	802383	802242
86.18	804865	803604	802953	802611	807996	805958	805693	804857
86.18	808216	805191	804122	804446	804829	805260	804314	802584
86.18	803674	804795	802564	802010	807020	807233	803731	804415
86.18	806793	806322	804209	803392	806029	807268	804429	805824
86.18	804648	804427	802443	801124	807785	805337	804933	804949
86.18	804538	803274	802747	801276	804094	805554	802810	803904
86.18	806842	806882	804350	804519	805405	805587	802611	802379
86.18	807999	805732	804167	804520	804692	804315	801769	802836
86.18	807131	806442	805274	804683	806014	806284	804580	804073
86.18	806118	803914	802648	803000	805154	804161	802483	801841
86.18	805495	805461	803331	803603	806884	807883	808104	806387
86.18	806028	805670	802233	802259	805299	803063	802935	803177
86.18	806112	805240	803620	802068	807461	807785	804177	804968
86.18	807766	807204	804875	804995	805026	805436	804535	804242
86.18	804998	805493	800748	801465	803485	803702	803685	803443
86.18	804887	805909	803618	804509	806458	803452	802300	804144
86.18	807581	805289	804137	804573	806648	804785	803736	803608
86.18	804768	804463	803103	804242	803464	801172	801579	802258
86.18	808179	807220	804539	804574	805362	803943	802732	800981
86.18	807459	808664	804481	805495	804093	803775	800054	799976
86.18	806792	804538	804027	802964	806320	804915	804185	804702
86.18	806148	805642	805509	803426	805819	805019	802103	802335
86.18	805163	805092	802297	802614	806416	805639	803257	804525
86.18	806416	805370	803947	803628	807360	805487	804892	804801
86.18	805201	805174	801754	802617	801461	805084	802521	802353
86.18	807822	806671	804231	804087	807014	807350	804655	805268
86.18	804804	805686	804167	804071	802145	807023	803069	803371
86.18	804515	803526	801142	802409	803706	803695	802466	803381
86.18	807871	807849	804414	804914	807788	807067	802692	804567
86.18	807899	807911	805193	804832	805359	804397	803121	803199
86.18	806349	804893	802751	803604	807727	806371	805027	805204
86.18	803605	804031	802115	800472	804274	801272	800384	801016
86.18	806077	806597	802818	803297	806305	803874	802806	801904
86.18	803976	804530	802748	803981	805217	807854	805522	804187
86.17	807346	807051	803390	803839	803329	801315	800727	801516
86.17	806924	806710	805130	804201	803765	804089	803620	805021
86.17	806567	803697	804926	802166	807058	805132	804984	804068
86.17	805482	803049	805416	803364	804915	802931	806230	804095
86.17	808827	806843	809414	806279	801876	802424	803547	800704
86.17	806724	804299	806311	803416	804628	803691	804682	802555
86.17	805570	801139	802648	801100	805454	803816	806817	804615
86.17	806169	803538	804353	803274	805364	807743	803537	804644
86.17	805375	805900	803328	801225	802256	802294	803573	802106
86.17	805183	805389	803715	804072	804806	805311	802564	802526
86.17	805593	803977	802483	802501	805261	805684	803097	804327
86.17	804798	805022	803135	804108	804447	801966	801041	801697
86.17	806781	807477	803497	804438	805096	805577	803670	802631
86.17	803948	806134	802994	802030	806611	807450	804671	804793
86.17	805773	804566	804189	802141	803230	807014	804106	804134
86.17	805281	805456	802852	803565	803627	803317	801629	803125
86.17	802542	805396	804727	802598	803651	805149	802187	802199
86.17	805648	805272	804064	803142	803296	803100	804898	804022
86.17	804057	804706	804101	804595	803338	804144	803578	802422
86.17	803846	806153	804288	802883	803319	804124	803213	801986
86.17	803935	804486	804295	804024	805876	806525	807418	805737
86.17	804076	805554	804484	801534	805534	803575	803451	803768
86.17	803425	805475	805526	803396	802216	802981	801732	803013
86.17	804055	803720	802846	802518	803864	803638	804488	802783
86.17	805818	804457	805423	803363	804733	806378	806703	804943
86.17	802930	804300	806561	802503	804529	805610	804219	804596
86.17	804222	803918	803482	802123	803475	804812	804277	803558
86.17	804587	805622	804153	804355	804815	806104	806886	803107
86.17	805551	807264	806077	804692	804214	806115	803963	804158
86.17	805262	807726	806346	804389	803954	806113	806318	805634
86.17	805924	807518	808623	805211	802569	805080	804953	802609
86.17	802751	804308	804002	801926	802622	805116	803496	802864
86.17	805773	806505	807554	804418	803586	806051	806236	804344
86.17	804075	805038	805105	804778	804107	805965	805304	803098
86.17	804533	806736	805554	803689	804339	806919	805561	804464
86.17	803121	804417	805447	802579	802936	804303	804571	802590
86.17	802582	804491	803583	804158	805409	804736	805443	805019
86.17	803163	804567	804878	803649	805219	808458	805044	804318
86.17	805615	806735	804249	804077	801903	803485	802339	803184
86.17	803749	805008	804986	803455	804974	805929	805919	805452
86.17	801169	802660	804578	801044	801934	805559	807209	801759
86.17	805383	807264	806742	803226	802247	806329	804246	801890
86.17	803018	805962	803787	802947	804102	803988	804055	804562
86.17	806152	804706	805113	805094	801917	803602	802172	800870
86.17	804475	804797	803265	801753	801769	802548	803346	802004
86.17	803775	805364	804852	803031	805927	805731	807219	805073
86.17	803606	805955	805322	803970	803489	804429	802875	803350
86.17	799510	801677	801049	799837	804039	806409	804558	801589
86.17	805152	806091	805549	805825	803812	805975	805212	802934
86.17	803960	806532	806767	804445	801433	804585	803685	804217
86.17	804305	805840	806106	804340	806050	807511	805009	804794
86.17	806225	807746	806587	804145	804943	806331	804035	802996
86.17	805488	807306	805743	803641	804204	804462	804783	804476
86.17	805095	807143	801940	804039	805719	807196	804548	805074
86.17	803282	805074	802618	803165	804418	802253	802677	802639
86.17	804662	805241	803142	802768	804156	801367	801922	801829
86.17	805802	805758	804474	803954	805586	805426	805030	804449
86.17	803645	802520	801396	803258	804596	804823	802221	802640
86.17	806609	808758	805614	806399	803503	802923	802186	802245
86.17	804599	805093	803943	804798	803210	803746	803055	802683
86.17	804541	805282	804190	802630	806351	804203	803652	803495
86.17	805920	807080	804508	805009	804081	804247	803004	802804
86.17	805931	805267	802916	802984	805122	803374	801822	802617
86.17	806689	808679	807223	807384	805273	803156	803019	803483
86.17	804894	807385	804315	802978	804576	805474	802263	802531
86.17	805854	804879	803943	804667	804451	804801	802727	803816
86.17	804444	804085	801979	802850	802209	804455	801790	802140
86.17	807447	806606	806692	806595	804073	806492	804405	804307
86.17	804567	805179	802548	803192	805763	803334	802986	802078
86.17	805937	803612	803848	802410	807301	805412	806814	805327
86.17	803937	803011	803348	802987	804423	802500	801421	800792
86.17	805342	805363	802721	802951	804948	803615	802375	803195
86.17	806692	806065	804010	804065	805719	805075	803349	804316
86.17	805631	804612	802670	801551	802989	805952	802886	803422
86.17	805035	804910	804523	802338	804192	801254	801551	801236
86.17	806395	806417	805816	804612	802569	800396	800543	802580
86.17	806571	807151	803254	802970	805739	803217	805716	804098
86.17	805095	805794	802276	802891	807129	806349	805981	804499
86.17	806794	806760	804349	804623	802324	802500	802394	803454
86.17	806509	804338	806188	803332	805660	804528	806445	805600
86.17	802636	802206	805037	800674	802846	801750	805000	801820
86.17	806520	806300	804123	804222	808203	807282	804729	804592
86.17	805527	806000	803732	803037	804342	806188	802899	803277
86.17	806292	806510	805403	804406	803861	805985	805582	803959
86.17	806627	806595	806954	805458	807869	805348	803179	804296
86.17	804897	804362	803311	802949	803006	803309	803813	803203
86.17	807255	804078	804630	805998	807252	804458	805743	804372
86.17	808101	806562	807908	806696	804383	803472	805552	804266
86.17	802963	802042	803500	801451	804928	804551	805648	803156
86.17	804481	802573	805165	803686	804555	803011	804496	802931
86.17	803226	803319	804989	802874	804383	805464	803626	803568
86.17	802376	804645	803587	802242	803650	803024	804436	802659
86.17	806021	806046	808643	806495	805622	803817	803373	804071
86.17	806097	806631	805387	803414	804835	805519	806803	804318
86.17	804665	805035	806128	803451	802727	804865	803455	802993
86.17	805276	806141	807854	804141	803749	805288	804041	803281
86.17	804227	806156	806738	803532	804699	807062	805735	806045
86.17	803042	806268	805049	803665	804666	805768	804809	803060
86.17	804616	806511	806787	803579	802032	803818	803172	801252
86.17	804209	805171	805682	802657	802910	804267	802098	802564
86.16	805829	805949	805597	806436	803057	804535	803047	801819
86.16	803863	805570	804747	802614	803446	805101	804527	803474
86.16	803129	805486	803141	803414	804819	804698	807057	804112
86.16	804595	806050	805476	803259	804844	803443	804907	803647
86.16	806245	805410	805636	804263	805618	800779	803939	803072
86.16	806753	803498	806010	803417	808169	804086	805531	804058
86.16	806606	806210	804232	802864	807291	806372	805756	805055
86.16	804818	804433	801441	802965	807532	805335	804284	802807
86.16	804172	806877	803251	803625	802447	800433	802356	799294
86.16	806654	805305	805263	803289	802786	802847	803453	803635
86.16	803827	804727	801365	802356	804345	804668	804496	804022
86.16	805727	807885	804441	804839	803856	805840	805370	804333
86.16	804060	804464	801094	802646	806405	804798	806473	804222
86.16	803240	804456	804445	804018	800902	803970	801796	801673
86.16	804719	806436	805995	804144	802500	802585	803262	802511
86.16	804911	805863	805625	803089	802103	803197	802517	801147
86.16	804280	804168	803448	803093	803975	803894	804550	804162
86.16	805629	806851	805614	804494	803412	805367	802982	802572
86.16	802276	804998	804810	802777	803293	805365	803663	802379
86.16	802832	805600	804879	804113	803186	803975	804720	803389
86.16	800822	802942	803811	802109	804644	804816	804158	804107
86.16	803596	804420	804923	802082	804766	805306	804038	803125
86.16	801865	805956	803716	803477	804095	804855	803721	804158
86.16	802201	802955	802651	801519	803689	803879	802184	804362
86.16	804027	803392	801981	802224	803170	803642	802484	801534
86.16	805312	805852	804039	803033	803016	804282	803405	803609
86.16	805653	808019	803233	805050	805356	802763	802323	803712
86.16	803719	806410	805777	803674	803073	803280	805310	802705
86.16	806421	806959	807135	803665	805331	806082	804943	805154
86.16	805399	806521	803375	802213	805788	805762	803987	804080
86.16	805306	807969	803612	804434	802062	802406	803648	800621
86.16	805281	805036	802981	802861	804736	803778	803307	803358
86.16	806470	804271	801959	802807	801984	804732	801833	803050
86.16	804560	802920	805239	802591	807266	804879	807332	803187
86.16	805035	805249	805449	804293	803992	805356	805948	804599
86.16	803249	804532	804314	801781	805670	806018	803478	804927
86.16	802893	803619	805344	802710	802974	805654	805877	802811
86.16	802443	805009	803860	802460	802584	803145	804921	801336
86.16	803726	805223	805548	804881	803555	804647	804479	804616
86.16	803106	801590	801937	801670	805438	805589	805221	804486
86.16	806541	805082	806254	804352	806698	806088	805269	804531
86.16	807094	805418	807123	803707	802990	802441	802432	801454
86.16	806769	804320	807634	804063	804414	804438	803529	802723
86.16	806215	805007	806917	803583	804814	803176	805807	803358
86.16	803670	803466	804955	802647	805464	802698	804220	803020
86.16	805024	804431	802721	803330	804217	803305	804460	803693
86.16	805009	802957	805144	804093	803459	804005	805385	803227
86.16	807578	807955	801692	802938	805962	808837	802894	802232
86.16	808741	806134	802950	804599	802302	804259	803121	800611
86.16	807724	807533	803610	803568	804619	804288	804231	803016
86.16	803621	808162	808117	803761	802908	807152	807172	803423
86.16	802220	806239	806008	803111	803369	806236	806631	804245
86.16	804791	805651	806684	804173	803138	804663	806197	803271
86.16	805053	807751	807625	803764	803672	805746	803216	802001
86.16	801138	803865	805778	801326	806400	809671	805235	805149
86.16	803355	806305	805868	804018	802861	805426	807122	801782
86.16	803970	806995	807126	804403	804151	807746	806781	803520
86.16	804634	807148	806811	803786	803295	804063	803768	801748
86.16	805310	807750	807546	803929	801478	806623	807315	802393
86.16	806139	808255	807365	804806	804749	806316	805133	804554
86.16	806110	807558	807870	803208	802458	804138	804491	802257
86.16	799777	802904	804359	800819	804283	807389	807138	804829
86.16	803824	807314	805857	803422	804634	806312	806920	803550
86.16	803835	806303	807309	803926	802849	804403	805336	802157
86.16	803988	806262	806207	804424	804509	808220	807006	803842
86.16	804211	807007	806932	803058	802702	808259	804661	802718
86.16	802194	806490	805425	802113	803364	807061	804720	802975
